0.022169 2
0.003555 1
0.844200 1
0.109967 1
0.275299 1
0.110262 1
0.056852 1
0.096155 1
0.121866 1
0.160697 1
0.144968 1
0.212141 1
0.124337 1
0.094329 1
0.148273 1
0.256727 1
0.125976 1
0.098794 1
0.107759 1
0.084427 1
0.148563 1
0.150981 1
0.100553 1
0.151436 1
0.081799 1
0.075137 1
0.120520 1
0.183034 1
0.092051 1
0.108820 1
0.048746 1
0.162912 1
0.137385 1
0.114126 1
0.112423 1
0.095967 1
0.028893 1
0.155519 1
0.065470 1
0.080293 1
0.084333 1
0.068379 1
0.093793 1
0.101395 1
0.101001 1
0.101348 1
0.071744 1
0.059384 1
0.043765 1
0.312542 1
0.136508 1
0.121433 1
0.161867 1
0.361762 1
0.187968 1
0.088975 1
0.209263 1
0.077464 1
0.118754 1
0.035694 1
0.123665 1
0.056201 1
0.082264 1
0.245836 1
0.106831 1
0.144008 1
0.066445 1
0.170739 1
0.069227 1
0.127181 1
0.233895 1
0.169449 1
0.040658 1
0.095135 1
0.220819 1
0.097760 1
0.077055 4
0.251652 1
0.528932 1
0.117043 1
0.256494 1
0.125621 1
0.120864 1
0.056300 1
0.051734 1
0.108187 1
0.129315 1
0.223774 1
0.222708 1
0.172875 1
0.163872 1
0.120533 1
0.196723 1
0.066101 1
0.122623 1
0.101116 1
0.116162 1
0.082288 1
0.159363 1
0.259033 1
0.099855 1
0.134278 1
0.084588 1
0.153481 1
0.094229 1
0.154348 1
0.185193 1
0.068148 1
0.092107 1
0.064922 1
0.101238 1
0.116967 1
0.077909 1
0.048794 1
0.111296 1
0.167484 1
0.041278 1
0.101379 1
0.115288 1
0.026595 1
0.087873 1
0.044643 1
0.076763 1
0.109382 1
0.155563 1
0.058660 1
0.145193 1
0.680692 1
0.170435 1
0.098273 1
0.107532 1
0.117296 1
0.130206 1
0.194332 1
0.106736 1
0.359401 1
0.089087 1
0.052703 1
0.181667 1
0.203658 1
0.409613 1
0.141926 1
0.112746 1
0.128324 4
0.446152 1
0.544019 1
0.136644 62
0.747141 4
0.566858 4
0.841723 1
0.483931 1
0.135663 1
0.289436 1
0.287511 1
0.177260 1
0.248282 1
0.143664 1
0.075570 1
0.168840 1
0.053628 1
0.072185 1
0.075346 1
0.678588 1
0.195332 1
0.110260 1
0.112643 1
0.266660 1
0.131317 1
0.118756 1
0.165320 1
0.081963 1
0.186535 1
0.091588 1
0.108219 1
0.931371 1
0.132814 1
0.204010 1
0.117794 1
0.108869 1
0.242620 1
0.142089 1
0.095290 1
0.180132 1
0.055913 1
0.083245 1
0.158029 1
0.172576 1
0.200439 1
0.230188 1
0.356757 1
0.177124 1
0.047954 1
0.134165 1
0.054280 1
0.096859 1
0.086201 1
0.062473 1
0.070070 1
0.174939 1
0.183931 1
0.077581 1
0.046270 1
0.117382 1
0.080155 1
0.051632 1
0.248310 1
0.129972 1
0.284902 1
0.099301 1
0.120192 1
0.140837 1
0.119162 1
0.085231 1
0.100743 1
0.125816 1
0.127854 1
0.071300 1
0.114967 1
0.162679 3
0.634812 3
0.146532 1
0.080347 1
0.080565 1
0.177601 1
0.097389 1
0.137664 1
0.332679 1
1.165464 4
0.321120 1
0.548608 1
0.197470 1
0.222205 1
0.267414 1
0.146404 1
0.160119 1
0.060436 1
0.133026 1
0.146135 1
0.146144 1
0.096231 1
0.142064 1
0.066738 1
0.218513 1
0.064663 1
0.201796 1
0.074492 1
0.440470 1
0.129261 1
0.123861 1
0.086454 1
0.077721 1
0.073668 1
0.136903 1
0.095106 1
0.112402 1
0.131738 1
0.154623 1
0.115928 1
0.099028 1
0.041834 1
0.090664 1
0.125797 1
0.138750 1
0.115678 1
0.117639 1
0.020939 1
0.178802 1
0.144240 1
0.102271 1
0.133402 1
0.045443 1
0.148253 1
0.091909 1
0.068805 1
0.089497 1
0.091993 1
0.186096 1
0.101874 1
0.131124 1
0.090293 1
0.237695 1
0.099463 1
0.172020 1
0.085855 1
0.131992 1
0.224712 1
0.185205 1
0.069730 1
0.172489 1
0.111248 1
0.141250 1
0.089491 1
0.198473 1
0.658862 1
0.443543 1
0.261752 1
0.133074 1
0.113063 1
0.112412 1
0.176782 1
0.100332 1
0.094069 4
0.672456 1
0.897498 1
0.116336 1
0.341533 1
0.075625 1
0.380806 1
0.526787 1
0.440372 1
0.077632 1
0.183941 1
0.160017 1
0.104635 1
0.021686 1
0.196133 1
0.167455 1
0.128481 1
0.116226 1
0.130781 1
0.126540 1
0.216204 1
0.155318 1
0.157962 1
0.105338 1
0.169213 1
0.144759 1
0.077033 1
0.215127 1
0.058282 1
0.112059 1
0.078896 1
0.047660 1
0.119288 1
0.134177 1
0.510934 1
0.076627 1
0.111566 1
0.052496 1
0.272507 1
0.108086 1
0.112389 1
0.123522 1
0.099448 1
0.147471 1
0.129593 1
0.130302 1
0.112871 1
0.165437 1
0.097877 1
0.081132 1
0.214503 1
0.083215 1
0.113429 1
0.071084 3
0.776182 1
0.696037 1
0.940195 1
0.080792 1
0.093409 1
0.074493 1
0.056276 1
0.101100 1
0.065965 1
0.110490 1
0.217251 1
0.142820 1
0.077277 1
0.141723 1
0.121215 1
0.100721 1
0.111362 1
0.058769 1
0.206899 1
0.092091 1
0.080286 1
0.095550 1
0.110683 1
0.098219 1
0.144779 4
0.275106 1
0.576581 1
0.168239 1
0.433982 1
0.230053 1
0.101435 1
0.152101 1
0.114300 1
0.119857 1
0.088048 1
0.140559 3
0.438342 1
0.285781 1
0.062126 1
0.121051 1
0.171779 1
0.133515 1
0.151793 1
0.072305 1
0.077274 1
0.165782 1
0.189120 1
0.214649 1
0.049992 1
0.088697 1
0.093852 1
0.126432 1
0.104576 1
0.091614 1
0.054972 1
0.040947 1
0.107618 1
0.100206 1
0.061883 1
0.105224 1
0.099304 1
0.125829 1
0.075212 1
0.043119 1
0.085786 1
1.141305 1
0.420676 1
0.079359 1
0.097257 1
0.156361 1
0.217761 1
0.060643 1
0.081492 1
0.060327 1
0.174820 4
1.319179 4
0.480613 1
0.275320 1
0.178193 1
0.245182 1
0.119686 1
0.270834 1
0.240953 1
0.062420 1
0.259766 1
0.120231 1
0.208322 1
0.109195 1
0.073982 1
0.113751 1
0.104138 1
0.092117 1
0.068295 1
0.127057 1
0.113284 1
0.155829 1
0.135901 1
0.093458 1
0.134646 1
0.136821 1
0.130100 1
0.081312 1
0.090189 1
0.127023 1
0.066892 1
0.071845 1
0.099123 1
0.229743 1
0.058878 1
0.664458 1
0.163479 1
0.109177 1
0.041738 1
0.134861 1
0.114486 1
0.096491 1
0.052410 1
0.081246 1
0.277124 1
0.106350 1
0.127013 1
0.095369 1
0.156539 1
0.209874 1
0.142128 1
0.248620 1
0.126812 1
0.170348 1
0.037955 1
0.086676 1
0.099051 1
0.140606 1
0.198169 1
0.065551 1
0.100295 1
0.196747 1
0.064319 1
0.134937 1
0.066147 1
0.149498 1
0.445646 3
0.339239 1
0.205010 1
0.115199 1
0.198928 1
0.002298 1
0.065984 1
0.213807 1
0.174119 1
0.297847 4
0.748424 1
0.336063 1
0.155261 1
0.252739 1
0.078941 1
0.119565 1
0.111740 1
0.109682 1
0.150578 1
0.150590 1
0.046518 1
0.191871 1
0.077229 1
0.315328 1
0.125836 1
0.176709 1
0.122950 1
0.158665 1
0.094514 1
0.120802 1
0.202126 1
0.075508 1
0.073948 1
0.122216 1
0.202523 1
0.044793 1
0.195656 1
0.101685 1
0.090857 1
0.124402 1
0.075496 1
0.136729 1
0.088612 1
0.031522 1
0.295570 1
0.110930 1
0.076318 1
0.054570 1
0.109003 1
0.060265 1
0.110351 1
0.039742 1
0.170234 1
0.083666 1
0.049769 1
0.159636 1
0.107437 1
0.071657 1
0.042422 1
0.206615 1
0.005265 1
0.157145 1
0.103546 1
0.096310 1
0.070218 1
0.092787 1
0.157669 1
0.125441 1
0.113331 1
0.170580 1
0.061217 1
0.063326 1
0.051630 1
0.029826 1
0.102213 1
0.100388 1
0.088346 1
0.096895 1
0.057494 1
0.183107 1
0.505358 1
0.175177 1
0.075211 1
0.130092 3
0.437210 4
0.494930 1
0.543423 1
0.125813 1
0.227533 1
0.056851 1
0.068727 1
0.132266 1
0.184869 1
0.120595 1
0.117187 1
0.162733 1
0.087950 1
0.223369 1
0.386749 1
0.312388 1
0.059927 1
0.081791 1
0.101170 1
0.098677 1
0.087923 1
0.047792 1
0.155265 1
0.156115 1
0.054771 1
0.085853 1
0.214450 1
0.303359 1
0.073148 1
0.123522 1
0.166371 1
0.229353 1
0.086175 1
0.075688 1
0.228490 1
0.040977 1
0.088610 1
0.154762 1
0.131032 1
0.097712 1
0.384189 4
0.506798 4
0.136520 1
0.514432 1
0.178845 1
0.235873 1
0.086924 1
0.076139 1
0.072144 1
0.104731 1
0.644792 1
0.138571 1
0.234370 1
0.152756 1
0.147812 1
0.160188 1
0.287993 1
0.136339 1
0.098654 1
0.123129 1
0.110265 1
0.532217 1
0.071519 1
0.143611 1
0.108387 1
0.165398 1
0.181890 1
0.082932 1
0.060151 1
0.264937 1
0.116967 1
0.063709 1
0.116271 1
0.050562 1
0.139924 1
0.005727 1
0.856991 3
0.526148 3
0.160538 3
0.150530 1
0.180663 1
0.179397 1
0.248565 1
0.227845 1
0.150840 1
0.085297 1
0.103676 1
0.196742 1
0.170271 1
0.093558 1
0.024892 1
0.078755 1
0.214851 1
0.377638 1
0.119999 1
0.120310 1
0.095319 1
0.225628 1
0.160818 1
0.065773 1
0.037766 1
0.063829 1
0.156962 1
0.107168 1
0.171087 1
0.112614 1
0.109367 1
0.097469 1
0.076390 1
0.078042 1
0.243363 1
0.043727 1
0.095932 1
0.141822 1
0.127747 1
0.099642 1
0.540070 1
0.338947 1
0.407181 1
0.263279 1
0.731649 1
0.106374 1
0.135746 1
0.130918 1
0.076113 1
0.720494 4
0.564617 1
0.372411 1
0.617283 1
0.486848 1
0.085286 1
0.122686 1
0.804497 1
0.120602 1
0.069103 1
0.097830 1
0.130298 1
0.091150 1
0.115135 1
0.068873 1
0.132647 1
0.147773 1
0.109692 1
0.164476 1
0.093407 1
0.251504 1
0.746780 1
0.125781 1
0.079916 1
0.079987 1
0.098290 1
0.094147 1
0.168738 1
0.099840 1
0.124562 1
0.032796 1
0.204642 1
0.028909 1
0.067653 1
0.113846 1
0.460500 1
0.292829 1
0.123574 1
0.105618 1
0.043532 1
0.269328 1
0.063149 1
0.624262 1
0.128274 1
0.124188 1
0.117025 1
0.080795 1
0.198126 1
0.116287 1
0.084807 1
0.136602 1
0.189199 1
0.060074 1
0.103380 1
0.101506 1
0.165051 1
0.238852 1
0.125380 1
0.101644 1
0.098299 1
0.069205 1
0.081220 1
0.119370 1
0.062659 1
0.070095 1
0.160463 1
0.079160 1
0.073717 1
0.130714 1
0.534520 4
0.674971 1
0.415445 1
0.201521 1
0.222058 1
0.122887 1
0.072286 1
0.259451 1
0.253612 1
0.143221 1
0.198142 1
0.263022 1
0.260142 1
0.156282 3
0.407863 1
0.524516 1
0.138480 1
0.098556 1
0.096954 1
0.147802 1
0.176509 1
0.100754 1
0.075239 1
0.077029 1
0.059294 1
0.124808 1
0.131554 1
0.010498 1
0.110955 1
0.099720 1
0.082872 1
0.081571 1
0.369756 1
0.232746 1
0.128253 1
0.108533 1
0.117191 1
0.082611 1
0.140256 1
0.077874 1
0.062307 1
0.108020 1
0.187441 1
0.071354 1
0.195099 1
0.098987 1
0.060641 1
0.171843 1
0.107001 1
0.092747 1
0.094634 1
0.148840 1
0.068437 1
0.200486 1
0.106616 1
0.112963 1
0.082116 1
0.094893 1
0.106531 1
0.095389 1
0.099734 1
0.049719 1
0.124112 1
0.096063 1
0.095671 1
0.575112 1
0.177226 1
0.095692 1
0.108416 1
0.214750 1
0.103391 1
0.376845 1
0.118448 1
0.128010 1
0.143290 1
0.115801 1
0.343761 1
1.246715 4
0.319353 1
0.488522 1
0.313809 1
0.340243 3
0.441026 1
0.205903 1
0.100090 1
0.102740 1
0.056905 1
0.102484 1
0.114974 1
0.189911 1
0.140014 1
0.087162 1
0.239096 1
0.107095 1
0.167491 1
0.208457 1
0.086633 1
0.118188 1
0.062348 1
0.080786 1
0.758717 1
0.184549 1
0.094374 1
0.106469 1
0.064695 1
0.479490 1
0.078279 1
0.098756 1
0.069992 1
0.230181 1
0.128670 1
0.052947 1
0.218340 1
0.045114 1
0.163695 1
0.530826 1
0.167550 1
0.378216 1
0.271441 1
0.238274 1
0.116053 1
0.153491 1
0.052846 1
0.075774 1
0.192339 1
0.175953 1
0.101955 1
0.118189 1
0.290833 1
0.110509 1
0.117093 1
0.016624 1
0.161016 1
0.059837 1
0.203784 1
0.023024 1
0.211459 1
0.436616 1
0.324596 1
0.153806 3
0.622673 1
0.245188 1
0.093732 1
0.076843 1
0.132221 1
0.062911 1
0.053312 1
0.096937 1
0.085909 1
0.090142 1
0.115044 4
0.960593 1
0.280080 1
0.170506 1
0.144378 1
0.122541 1
0.108816 1
0.134975 1
0.093591 1
0.205667 1
0.137135 1
0.023008 1
0.186355 1
0.027513 1
0.171896 1
0.077085 1
0.120676 1
0.145584 1
0.195695 1
0.142216 1
0.075275 1
0.094358 1
0.095826 1
0.072008 1
0.097857 1
0.098330 1
0.148034 1
0.101615 1
0.120347 1
0.060989 1
0.185120 1
0.049375 1
0.066781 1
0.128990 1
0.182728 1
0.060037 1
0.362715 4
1.250908 4
0.621714 1
0.252215 1
0.194567 1
0.440000 1
0.135457 1
0.100391 1
0.073613 1
0.488369 1
0.066958 1
0.114108 1
0.053057 1
0.063969 1
0.034349 1
0.105931 1
0.117546 1
0.075325 1
0.062121 1
0.416420 1
0.082934 1
0.173363 1
0.142113 1
0.106428 1
0.151283 1
0.065729 1
0.176877 1
0.200416 1
0.096455 1
0.126541 1
0.062827 1
0.084597 1
0.075666 1
0.137011 1
0.113274 1
0.273610 1
0.107023 1
0.107176 1
0.108585 1
0.172824 1
0.234853 3
0.377783 3
0.148801 1
0.299410 1
0.108842 1
0.133521 1
0.128249 1
0.076323 1
0.139596 1
0.172974 1
0.207851 1
0.051832 1
0.045167 1
0.079776 1
0.106702 1
0.283175 1
0.089892 1
0.131917 1
0.069709 1
0.232582 1
0.165628 1
0.580048 1
0.155681 1
0.109683 1
0.156675 1
0.087784 1
0.076644 1
0.325442 4
0.428868 1
0.272894 1
0.118197 1
0.075968 1
0.088280 1
0.513662 1
0.145670 1
0.223660 2
0.337166 2
0.006911 4
0.713562 1
0.786819 1
0.166905 1
0.095304 1
0.146663 1
0.050321 1
0.096045 1
0.104250 1
0.125499 1
0.102125 1
0.124034 1
0.207390 1
0.236430 1
0.158529 1
0.129243 1
0.090941 1
0.067376 1
0.134510 1
0.242877 1
0.075385 1
0.202280 1
0.154834 1
0.060081 1
0.066704 1
0.093457 1
0.055311 1
0.207827 1
0.302691 1
0.479658 1
0.064910 1
0.187741 1
0.121427 1
0.095749 1
0.135092 1
0.065926 1
0.051774 1
0.080433 1
0.093076 1
0.453511 1
0.231187 1
0.210205 1
0.207038 1
0.156477 1
0.081023 1
0.120802 1
0.104819 1
0.132438 1
0.098546 1
0.077585 1
0.151910 1
0.191015 1
0.157033 1
0.102490 1
0.296527 1
0.116924 1
0.134446 1
0.253311 1
0.097333 1
0.120058 1
0.122300 1
0.013820 1
0.119036 3
0.429384 3
0.500659 3
0.049496 3
0.050917 3
0.051359 3
0.050598 3
0.049905 3
0.047867 3
0.066159 3
0.375145 1
0.704198 1
0.212757 1
0.055346 1
0.159386 1
0.139965 1
0.123255 1
0.112420 1
0.090686 1
0.085168 1
0.058613 1
0.103907 1
0.067644 1
0.145495 1
0.023383 1
0.092133 1
0.094857 1
0.365721 1
0.241382 1
0.092578 2
0.376714 28
0.000224 2
0.000030 2
0.000237 1
0.342015 1
0.189340 1
0.102717 1
0.112960 1
0.100654 1
0.117393 1
2.281341 1
0.237295 1
0.380667 1
0.103914 1
0.147408 1
0.188518 1
0.043886 1
0.159648 1
0.098062 1
0.117841 1
0.118593 1
1.051450 4
1.014625 1
0.748339 1
0.098075 1
0.093012 1
0.121695 1
0.202598 1
0.172830 1
0.123887 1
0.107019 1
0.147004 1
0.224016 1
0.380676 3
0.397729 1
0.247624 2
0.232671 25
0.164811 2
0.000268 27
0.000031 2
0.000023 25
0.000024 2
0.000021 2
0.038280 4
1.693671 1
0.938607 1
0.232393 1
0.209697 1
0.141202 1
0.103633 1
0.215305 1
0.637908 1
0.238120 1
0.395960 1
0.242072 1
0.104816 1
0.073641 1
0.103488 1
0.090477 1
0.103740 1
0.146006 1
0.088149 1
0.143026 1
0.130480 1
0.301410 1
0.092416 1
0.249490 1
0.373528 1
0.097498 1
0.075057 1
0.068911 1
0.120965 1
0.076582 1
0.123066 1
0.138430 1
0.209617 1
0.176824 1
0.058022 1
0.111995 1
0.701270 4
0.242686 1
0.807197 1
0.137086 1
0.072848 1
0.136537 1
0.107742 1
0.163108 1
0.060774 1
0.189067 1
0.067904 1
0.097886 1
0.112122 1
0.168783 1
0.281302 1
0.125764 1
0.144699 1
0.208674 1
0.124429 1
0.547493 1
0.300952 1
0.090730 1
0.204645 1
0.074122 1
0.190377 1
0.122413 3
0.227420 1
0.721513 1
0.141573 7
0.131465 2
1.623459 30
0.166940 2
0.000129 50
0.032222 2
0.000115 120
2.010116 1
3.160458 2
0.252501 365
0.005013 58
3.165352 2
0.000090 58
1.048530 2
0.000098 58
0.697629 2
0.000104 58
2.043512 2
0.000113 104
6.907493 2
0.000069 104
3.904921 2
0.000112 104
1.486197 2
0.000069 104
4.737889 2
0.000109 39
77.382528 39
0.001203 80
0.056451 39
7.390601 79
0.053037 40
0.055997 20
0.260006 2
0.000117 25
0.000026 2
0.000021 21
0.000020 2
0.000019 23
0.000019 2
0.000019 22
0.000022 2
0.000019 83
0.000020 2
0.000017 21
0.000016 2
0.000015 29
0.000016 2
0.000015 31
0.000015 2
0.000015 27
0.000016 2
0.000015 25
0.000015 2
0.000015 33
0.000015 2
0.000015 36
0.000016 2
0.000015 32
0.000015 2
0.000016 30
0.000015 2
0.000015 31
0.000016 2
0.000015 36
0.000016 2
0.000016 35
0.000015 2
0.000015 31
0.000016 2
0.000015 28
0.000016 2
0.000015 30
0.000015 2
0.000016 47
0.000015 2
0.000016 30
0.000015 2
0.000015 37
0.000016 2
0.000015 32
0.000017 2
0.000016 123
0.000364 2
0.000036 30
0.000017 2
0.000016 37
0.000015 2
0.000016 11
0.000015 11
0.000019 2
0.000016 43
0.000015 2
0.000015 25
0.000016 2
0.000015 27
0.000015 2
0.000015 31
0.000015 2
0.000015 131
0.000016 2
0.000016 28
0.000016 2
0.000015 33
0.000014 2
0.000016 35
0.000015 2
0.000015 39
0.000015 2
0.000016 29
0.000014 2
0.000015 37
0.000015 2
0.000016 33
0.000015 2
0.000015 49
0.000015 2
0.000015 35
0.000015 2
0.000016 37
0.000015 2
0.000015 28
0.000015 2
0.000015 43
0.000016 2
0.000015 24
0.000015 2
0.000023 31
0.000015 2
0.000015 37
0.000016 2
0.000015 33
0.000015 2
0.000016 39
0.000015 2
0.000016 37
0.000015 2
0.000015 34
0.000015 2
0.000016 51
0.000015 2
0.000015 34
0.000015 2
0.000016 43
0.000015 2
0.000017 35
0.000016 2
0.000015 44
0.000015 2
0.000015 34
0.000015 2
0.000016 45
0.000015 2
0.000015 30
0.000015 2
0.000015 31
0.000015 2
0.000016 33
0.000015 2
0.000015 112
0.000015 2
0.000017 35
0.000015 2
0.000015 40
0.000021 2
0.000016 30
0.000015 2
0.000015 33
0.000015 2
0.000015 40
0.000015 2
0.000016 31
0.000015 2
0.000015 41
0.000015 2
0.000016 34
0.000015 2
0.000015 28
0.000016 2
0.000015 123
0.000015 2
0.000017 26
0.000015 2
0.000015 30
0.000016 2
0.000015 24
0.000015 2
0.000015 31
0.000015 2
0.000015 29
0.000015 2
0.000021 1
0.000016 30
0.000016 2
0.000015 36
0.000015 2
0.000016 35
0.000015 2
0.000015 24
0.000015 2
0.000015 33
0.000015 2
0.000016 31
0.000015 2
0.000016 29
0.000015 2
0.000015 34
0.000016 2
0.000015 31
0.000017 2
0.000016 30
0.000015 2
0.000015 91
0.000016 2
0.000016 29
0.000016 2
0.000015 37
0.000015 2
0.000015 45
0.000016 2
0.000015 60
0.000016 2
0.000015 39
0.000016 2
0.000015 44
0.000016 2
0.000016 36
0.000015 2
0.000016 112
0.000016 2
0.000016 26
0.000015 2
0.000016 46
0.000015 2
0.000015 43
0.000015 2
0.000015 31
0.000016 2
0.000015 28
0.000015 2
0.000016 40
0.000015 2
0.000049 30
0.000021 2
0.000015 29
0.000016 2
0.000015 18
0.000015 2
0.000016 39
0.000015 2
0.000016 21
0.000015 2
0.000048 23
0.000017 2
0.000015 20
0.000016 2
0.000016 27
0.000015 2
0.000015 27
0.000015 2
0.000016 34
0.000015 2
0.000016 26
0.000015 2
0.000015 34
0.000016 2
0.000015 20
0.000016 2
0.000015 32
0.000016 2
0.000015 21
0.000016 2
0.000015 20
0.000015 2
0.000017 20
0.000015 2
0.000015 25
0.000022 2
0.000016 21
0.000015 2
0.000015 23
0.000018 2
0.000016 22
0.000015 2
0.000016 83
0.000016 2
0.000017 21
0.000015 2
0.000016 29
0.000015 2
0.000015 31
0.000015 2
0.000016 27
0.000015 2
0.000015 25
0.000016 2
0.000015 33
0.000016 2
0.000037 36
0.000024 2
0.000017 32
0.000016 2
0.000016 30
0.000016 2
0.000016 31
0.000015 2
0.000016 36
0.000016 2
0.000016 24
0.000016 11
0.000016 2
0.000015 31
0.000028 2
0.000018 28
0.000016 2
0.000016 30
0.000015 2
0.000016 47
0.000015 2
0.000016 30
0.000016 2
0.000015 37
0.000016 2
0.000015 32
0.000016 2
0.000015 123
0.000016 2
0.000017 30
0.000016 2
0.000015 37
0.000016 2
0.000016 22
0.000015 2
0.000015 41
0.000016 2
0.000016 25
0.000016 2
0.000015 27
0.000016 2
0.000015 31
0.000016 2
0.000017 131
0.000016 2
0.000017 28
0.000016 2
0.000016 33
0.000016 2
0.000016 35
0.000015 2
0.000016 39
0.000016 2
0.000016 29
0.000016 2
0.000015 37
0.000016 2
0.000015 33
0.000016 2
0.000016 49
0.000016 2
0.000016 35
0.000015 2
0.000016 37
0.000016 2
0.000016 28
0.000016 2
0.000016 43
0.000016 2
0.000022 24
0.000018 2
0.000015 31
0.000016 2
0.000015 37
0.000016 2
0.000016 33
0.000022 2
0.000018 39
0.000015 2
0.000016 37
0.000016 2
0.000016 34
0.000016 2
0.000015 51
0.000016 2
0.000016 34
0.000016 2
0.000015 43
0.000016 2
0.000016 35
0.000016 2
0.000015 44
0.000016 2
0.000016 34
0.000015 2
0.000017 45
0.000015 2
0.000016 30
0.000016 2
0.000015 31
0.000016 2
0.000016 33
0.000020 2
0.000017 112
0.000017 2
0.000018 35
0.000017 2
0.000015 41
0.000016 2
0.000016 30
0.000016 2
0.000016 26
0.000015 7
0.000017 2
0.000015 40
0.000016 2
0.000016 31
0.000016 2
0.000016 41
0.000015 2
0.000017 34
0.000016 2
0.000016 28
0.000016 2
0.000015 123
0.000017 2
0.000017 26
0.000016 2
0.000015 30
0.000024 2
0.000016 24
0.000015 2
0.000016 31
0.000016 2
0.000016 29
0.000016 2
0.000015 31
0.000016 2
0.000098 36
0.000008 2
0.000006 35
0.000007 2
0.000007 24
0.000006 2
0.000007 33
0.000006 2
0.000007 31
0.000006 2
0.000007 29
0.000007 2
0.000006 34
0.000007 2
0.000006 31
0.000006 2
0.000007 30
0.000006 2
0.000006 91
0.000007 2
0.000007 29
0.000006 2
0.000007 37
0.000007 2
0.000006 45
0.000006 2
0.000007 60
0.000006 2
0.000007 39
0.000006 2
0.000045 44
0.000007 2
0.000007 36
0.000006 2
0.000007 112
0.000007 2
0.000006 26
0.000007 2
0.000006 46
0.000007 2
0.000006 43
0.000015 2
0.000006 31
0.000006 2
0.000007 28
0.000006 2
0.000006 40
0.000007 2
0.000006 30
0.000012 2
0.000006 29
0.000007 2
0.000006 18
0.000007 2
0.000006 37
0.000006 2
0.000007 21
0.000013 2
0.000006 23
0.000007 2
0.000006 20
0.000006 2
0.000006 27
0.000007 2
0.000006 27
0.000006 2
0.000006 35
0.000037 2
0.000059 26
0.000007 2
0.000006 34
0.000007 2
0.000006 20
0.000007 2
0.000006 32
0.000007 2
0.000006 21
0.000007 2
0.000006 20
0.000007 2
0.000006 20
0.000006 2
0.000007 25
0.000006 2
0.000007 21
0.000006 2
0.000007 23
0.000006 2
0.000006 17
0.000007 5
0.000007 2
0.000006 83
0.000007 2
0.000007 21
0.000006 2
0.000006 29
0.000007 2
0.000006 31
0.000007 2
0.000006 27
0.000007 2
0.000006 25
0.000006 2
0.000006 33
0.000007 2
0.000006 36
0.000007 2
0.000006 32
0.000007 2
0.000006 30
0.000007 2
0.000006 31
0.000006 2
0.000007 36
0.000006 2
0.000007 35
0.000006 2
0.000028 31
0.000007 2
0.000007 28
0.000007 2
0.000006 30
0.000007 2
0.000006 47
0.000007 2
0.000006 30
0.000007 2
0.000006 37
0.000006 2
0.000035 32
0.000007 2
0.000006 123
0.000008 2
0.000006 30
0.000007 2
0.000006 37
0.000007 2
0.000006 22
0.000006 2
0.000006 43
0.000007 2
0.000006 25
0.000007 2
0.000006 27
0.000007 2
0.000006 31
0.000006 2
0.000006 131
0.000008 2
0.000006 28
0.000006 2
0.000006 33
0.000007 2
0.000006 35
0.000007 2
0.000006 39
0.000007 2
0.000006 29
0.000006 2
0.000006 37
0.000007 2
0.000006 33
0.000053 2
0.000007 49
0.000007 2
0.000006 35
0.000007 2
0.000006 37
0.000007 2
0.000007 28
0.000006 2
0.000006 43
0.000007 2
0.000007 24
0.000006 2
0.000006 31
0.000007 2
0.000006 37
0.000007 2
0.000006 33
0.000006 2
0.000007 39
0.000006 2
0.000007 37
0.000006 2
0.000006 34
0.000007 2
0.000006 51
0.000007 2
0.000027 34
0.000007 2
0.000006 43
0.000007 2
0.000006 35
0.000007 2
0.000006 13
0.000007 31
0.000007 2
0.000007 34
0.000006 2
0.000006 45
0.000007 2
0.000006 30
0.000007 2
0.000006 31
0.000007 2
0.000006 33
0.000007 2
0.000006 112
0.000007 2
0.000006 35
0.000007 2
0.000006 39
0.000024 2
0.000007 30
0.000007 2
0.000006 33
0.000007 2
0.000006 40
0.000007 2
0.000006 31
0.000007 2
0.000006 41
0.000006 2
0.000007 34
0.000006 2
0.000007 28
0.000006 2
0.000007 123
0.000012 2
0.000006 26
0.000007 2
0.000006 30
0.000023 2
0.000007 24
0.000006 2
0.000007 31
0.000006 2
0.000007 29
0.000006 2
0.000006 31
0.000007 2
0.000006 36
0.000007 2
0.000006 35
0.000007 2
0.000006 24
0.000035 2
0.000023 33
0.000006 2
0.000007 31
0.000006 2
0.000020 29
0.000007 2
0.000007 34
0.000006 2
0.000007 31
0.000006 2
0.000006 30
0.000007 2
0.000006 91
0.000007 2
0.000006 29
0.000006 2
0.000007 37
0.000006 2
0.000006 45
0.000021 2
0.000007 60
0.000007 2
0.000006 39
0.000006 2
0.000007 44
0.000007 2
0.000006 36
0.000007 2
0.000006 112
0.000028 2
0.000010 26
0.000006 2
0.000007 46
0.000025 2
0.000006 43
0.000007 2
0.000007 31
0.000006 2
0.000007 28
0.000006 2
0.000007 40
0.000006 2
0.000007 30
0.000006 2
0.000006 29
0.000007 2
0.000006 18
0.000007 2
0.000006 10
0.000006 29
0.000008 2
0.000006 21
0.000006 2
0.000006 23
0.000024 2
0.000006 20
0.000007 2
0.000006 27
0.000007 2
0.000006 27
0.000006 2
0.000007 33
0.000006 2
0.000007 26
0.000006 2
0.000007 34
0.000006 2
0.000007 20
0.000006 2
0.000006 32
0.000007 2
0.000006 21
0.000006 2
0.000021 20
0.000007 2
0.000006 20
0.000007 2
0.000006 25
0.000007 2
0.000006 21
0.000007 2
0.000006 23
0.000007 2
0.000006 22
0.000006 2
0.000007 83
0.000007 2
0.000006 21
0.000007 2
0.000006 29
0.000020 2
0.000007 31
0.000006 2
0.000006 27
0.000007 2
0.000007 25
0.000006 2
0.000006 33
0.000007 2
0.000006 36
0.000007 2
0.000006 32
0.000007 2
0.000006 30
0.000007 2
0.000020 31
0.000006 2
0.000007 36
0.000006 2
0.000007 35
0.000006 2
0.000006 31
0.000007 2
0.000006 28
0.000007 2
0.000006 30
0.000012 2
0.000006 47
0.000007 2
0.000006 30
0.000006 2
0.000021 37
0.000007 2
0.000006 32
0.000007 2
0.000006 123
0.000013 2
0.000007 30
0.000006 2
0.000007 37
0.000021 2
0.000007 22
0.000006 2
0.000007 42
0.000007 2
0.000006 25
0.000006 2
0.000007 27
0.000006 2
0.000006 31
0.000007 2
0.000006 131
0.000007 2
0.000007 28
0.000006 2
0.000022 33
0.000006 2
0.000007 35
0.000006 2
0.000007 39
0.000006 2
0.000007 29
0.000006 2
0.000007 37
0.000006 2
0.000007 33
0.000006 2
0.000007 49
0.000006 2
0.000006 35
0.000007 2
0.000006 37
0.000007 2
0.000021 28
0.000007 2
0.000006 11
0.000007 32
0.000007 2
0.000006 24
0.000007 2
0.000006 31
0.000011 2
0.000007 37
0.000007 2
0.000006 33
0.000007 2
0.000006 39
0.000007 2
0.000006 37
0.000022 2
0.000006 34
0.000007 2
0.000006 51
0.000007 36
0.000014 84
0.000012 131
0.000025 98
0.000014 195
0.000011 109
0.000027 140
0.000011 155
0.000011 91
0.000011 102
0.000029 98
0.000013 131
0.000032 127
0.000072 705
0.000098 395
0.000022 2
0.037607 1
2.351744 1
0.183230 1
0.269674 1
0.139218 1
0.160032 1
0.172420 1
0.066293 1
0.080737 1
0.101079 1
0.149051 1
0.064830 1
0.082255 1
0.024875 1
0.313541 1
0.260538 1
0.066379 1
0.202290 1
0.424209 1
0.077550 1
0.114515 1
0.263262 1
0.061988 1
0.091523 1
0.094619 1
0.069454 1
0.056369 1
0.073445 1
0.123696 1
0.155761 1
0.175807 1
0.191776 1
0.080045 1
0.139088 1
0.138285 1
0.078539 1
0.043080 1
0.222762 1
0.401776 1
0.116946 1
0.087884 1
0.223444 1
0.086473 1
0.070979 1
0.107506 1
0.073203 1
0.126201 1
0.116329 1
0.081365 1
0.039454 1
0.030175 1
0.138510 1
0.110002 1
0.141858 1
0.017984 1
0.155317 1
0.073257 1
0.048721 1
0.067769 1
0.101393 1
0.255358 1
0.181201 1
0.180764 1
0.166910 1
0.121012 1
0.126393 1
0.101485 1
0.098395 3
0.259306 3
0.197912 3
0.154240 1
0.444898 1
0.097805 1
0.050645 1
0.099378 1
0.158519 1
0.257767 1
0.197099 1
0.075847 1
0.083923 1
0.096855 1
0.039991 1
0.204897 4
0.336922 1
0.823816 1
0.194518 1
0.320102 1
0.104252 1
0.122452 1
0.086437 1
0.226178 1
0.054466 1
0.143376 1
0.240364 1
0.300725 1
0.258509 1
0.183928 1
0.089171 1
0.185355 1
0.144002 1
0.041686 1
0.170877 1
0.090078 1
0.107732 1
0.113074 1
0.118606 1
0.139960 1
0.104303 1
0.118878 1
0.115326 1
0.080915 1
0.136626 1
0.155855 1
0.208116 1
0.175917 1
0.166810 1
0.074912 1
0.157009 1
0.248271 1
0.002419 4
0.286917 1
1.138458 1
0.095638 1
0.117799 1
0.363773 1
0.335941 1
0.120065 1
0.286187 1
0.271989 1
0.184580 1
0.155890 1
0.096518 1
0.111277 1
0.104195 1
0.212620 1
0.190223 1
0.177531 1
0.325952 1
0.336279 1
0.245281 1
0.168985 1
0.063259 1
0.099380 1
0.102922 1
0.079660 1
0.152938 1
0.092287 1
0.403016 2
0.762355 20
0.213667 2
0.000079 90
0.000030 2
0.000023 20
0.003932 2
0.000052 90
0.000027 2
0.000023 20
0.004123 2
0.000051 90
0.000027 2
0.000023 20
0.005774 2
0.000042 90
0.000022 2
0.000018 2
0.038155 4
3.274149 1
0.728624 1
0.235999 1
0.223774 1
0.132163 1
0.147581 1
0.895315 1
0.405809 1
0.071153 1
0.050095 1
0.138736 1
0.063776 1
0.069814 1
0.162116 1
0.039906 1
0.084891 1
0.067825 1
0.360493 1
0.127517 1
0.800926 1
0.115536 1
0.218867 1
0.061705 1
0.103726 1
0.152990 1
0.163249 1
0.088972 1
0.121527 1
0.043739 1
0.135776 1
0.087592 1
0.102111 1
0.102916 1
0.139810 1
0.062986 1
0.074094 1
0.144365 1
0.314465 1
0.065533 1
0.071693 1
0.135470 1
0.156762 1
0.086886 1
0.062093 1
0.245186 1
0.078325 1
0.128550 1
0.406947 1
0.223728 1
0.042847 1
0.175760 1
0.128084 1
0.104678 1
0.268575 1
0.095777 1
0.121609 1
0.065930 1
0.135439 1
0.451177 1
0.163515 1
0.104079 1
0.117409 1
0.094776 1
0.116562 1
0.091768 1
0.040377 1
0.788580 1
0.162522 1
0.123759 1
0.071198 1
0.079414 4
0.641247 1
0.515412 1
0.312863 1
0.155927 1
0.064268 1
0.100933 1
0.059855 1
0.297758 1
0.455988 1
0.287698 1
0.102418 1
0.108792 1
0.031984 1
0.094224 1
0.056485 1
0.233731 1
0.105223 1
0.139997 1
0.138729 1
0.099102 1
0.142700 1
0.077559 1
0.542766 1
0.173237 1
0.087842 1
0.109471 1
0.051331 1
0.096938 1
1.516598 1
0.653811 1
0.212814 1
0.102100 1
0.007947 1
0.111813 1
0.096990 1
0.059510 1
0.058216 1
0.113315 1
0.059057 1
0.099573 1
0.060131 1
0.850165 1
0.065383 1
0.149552 1
0.049745 1
0.119293 1
0.125483 1
0.108530 1
0.104725 1
0.057934 1
0.038566 1
0.096555 1
0.068709 1
0.128222 1
0.070390 1
0.066809 1
0.066823 1
1.064674 4
0.751468 1
0.894278 1
0.100414 1
0.125175 1
0.129359 1
0.086817 1
0.190576 1
0.317624 1
0.320399 1
0.351989 1
0.402873 1
0.215228 1
0.145307 1
0.107598 1
0.087224 1
0.231361 1
0.270619 1
0.160554 1
0.187494 1
0.074832 1
0.411192 1
0.178198 1
0.160064 1
0.094293 1
0.077079 2
0.842287 20
11.665915 2
0.000113 21
0.000026 2
0.000021 32
0.000021 2
0.000020 38
0.000021 2
0.000020 29
0.000029 2
0.000021 80
0.000020 2
0.000019 23
0.000016 2
0.000016 38
0.000015 2
0.000016 36
0.000016 2
0.000015 42
0.000015 2
0.000016 36
0.000016 2
0.000015 52
0.000016 2
0.000015 36
0.000016 2
0.000016 36
0.000015 2
0.000015 47
0.000016 2
0.000016 42
0.000015 2
0.000015 36
0.000015 2
0.000016 52
0.000016 2
0.000015 36
0.000016 2
0.000015 36
0.000016 2
0.000015 42
0.000016 2
0.000016 42
0.000015 2
0.000016 36
0.000015 2
0.000016 52
0.000015 2
0.000019 36
0.000015 2
0.000016 36
0.000015 2
0.000016 42
0.000015 2
0.000016 42
0.000015 2
0.000016 36
0.000015 2
0.000016 52
0.000015 2
0.000016 36
0.000020 2
0.000016 36
0.000015 2
0.000021 45
0.000015 2
0.000016 42
0.000015 2
0.000016 36
0.000015 2
0.000342 52
0.000133 2
0.000017 36
0.000015 2
0.000016 36
0.000015 2
0.000016 36
0.000015 2
0.000015 42
0.000016 2
0.000016 36
0.000015 2
0.000016 50
0.000015 2
0.000016 36
0.000015 2
0.000016 36
0.000015 2
0.000016 40
0.000015 2
0.000016 42
0.000016 2
0.000015 36
0.000016 2
0.000015 43
0.000041 2
0.000020 36
0.000017 2
0.000015 36
0.000016 2
0.000016 26
0.000015 26
0.000017 2
0.000016 42
0.000023 2
0.000043 36
0.000037 2
0.000016 43
0.000016 2
0.000015 36
0.000016 2
0.000023 36
0.000016 2
0.000016 45
0.000015 2
0.000015 42
0.000016 2
0.000016 36
0.000030 2
0.000019 43
0.000016 2
0.000015 36
0.000015 2
0.000016 36
0.000015 2
0.000016 37
0.000015 2
0.000016 42
0.000015 2
0.000015 36
0.000016 2
0.000015 44
0.000016 2
0.000015 36
0.000016 2
0.000015 36
0.000016 2
0.000015 37
0.000016 2
0.000015 42
0.000015 2
0.000016 36
0.000015 2
0.000016 42
0.000015 2
0.000015 36
0.000015 2
0.000016 40
0.000015 2
0.000016 21
0.000015 2
0.000015 50
0.000016 2
0.000016 37
0.000016 2
0.000016 29
0.000015 2
0.000016 63
0.000015 2
0.000016 23
0.000016 2
0.000024 38
0.000015 2
0.000024 33
0.000021 2
0.000015 36
0.000016 2
0.000015 36
0.000015 2
0.000016 53
0.000016 2
0.000016 103
0.000016 2
0.000017 91
0.000018 2
0.000016 34
0.000016 2
0.000015 45
0.000015 2
0.000016 46
0.000015 2
0.000016 33
0.000015 2
0.000015 34
0.000015 2
0.000016 96
0.000016 2
0.000016 105
0.000016 2
0.000016 77
0.000016 23
0.000017 2
0.000015 34
0.000016 2
0.000015 57
0.000016 2
0.000016 55
0.000015 2
0.000016 33
0.000015 2
0.000015 34
0.000016 2
0.000015 108
0.000016 2
0.000017 70
0.000015 2
0.000016 34
0.000015 2
0.000016 51
0.000015 2
0.000016 51
0.000015 2
0.000016 33
0.000015 2
0.000016 35
0.000015 2
0.000016 78
0.000015 2
0.000016 51
0.000016 2
0.000015 106
0.000016 2
0.000016 62
0.000015 2
0.000016 60
0.000015 2
0.000024 60
0.000015 2
0.000016 60
0.000015 2
0.000017 60
0.000015 2
0.000016 60
0.000015 2
0.000016 60
0.000015 2
0.000016 51
0.000020 2
0.000024 61
0.000019 2
0.000035 60
0.000028 2
0.000037 60
0.000024 2
0.000016 61
0.000016 2
0.000015 60
0.000016 2
0.000015 60
0.000016 2
0.000015 60
0.000016 2
0.000015 60
0.000030 2
0.000020 51
0.000016 2
0.000016 60
0.000015 2
0.000016 60
0.000015 2
0.000016 34
0.000015 26
0.000017 2
0.000015 61
0.000015 2
0.000016 60
0.000015 2
0.000016 60
0.000015 2
0.000016 60
0.000015 2
0.000017 60
0.000016 2
0.000016 52
0.000016 2
0.000016 99
0.000016 2
0.000017 70
0.000016 2
0.000017 33
0.000016 2
0.000016 64
0.000015 2
0.000025 46
0.000016 2
0.000016 57
0.000018 2
0.000016 50
0.000016 2
0.000016 106
0.000016 2
0.000016 61
0.000017 2
0.000016 83
0.000016 2
0.000016 44
0.000016 2
0.000016 46
0.000015 2
0.000017 33
0.000027 2
0.000028 33
0.000028 2
0.000018 73
0.000017 2
0.000016 48
0.000016 2
0.000016 33
0.000015 2
0.000016 36
0.000016 2
0.000016 21
0.000015 2
0.000016 63
0.000016 2
0.000016 37
0.000015 2
0.000016 29
0.000015 2
0.000016 127
0.000016 2
0.000017 23
0.000015 2
0.000016 38
0.000016 2
0.000015 32
0.000021 2
0.000016 74
0.000016 2
0.000016 21
0.000015 2
0.000015 32
0.000016 2
0.000015 40
0.000016 2
0.000015 29
0.000016 2
0.000015 42
0.000016 2
0.000016 7
0.000016 16
0.000016 2
0.000023 38
0.000017 2
0.000035 36
0.000017 2
0.000018 40
0.000017 2
0.000016 21
0.000016 2
0.000015 44
0.000016 2
0.000016 37
0.000016 2
0.000016 29
0.000016 2
0.000015 57
0.000017 2
0.000015 23
0.000016 2
0.000016 38
0.000016 2
0.000016 33
0.000016 2
0.000016 36
0.000016 2
0.000016 36
0.000016 2
0.000016 48
0.000016 2
0.000016 63
0.000016 2
0.000017 85
0.000016 2
0.000017 110
0.000016 2
0.000017 47
0.000016 2
0.000016 154
0.000016 2
0.000018 76
0.000016 2
0.000017 33
0.000016 2
0.000016 39
0.000015 2
0.000016 104
0.000017 2
0.000017 99
0.000016 2
0.000017 82
0.000016 2
0.000017 76
0.000017 2
0.000006 42
0.000008 2
0.000017 43
0.000007 2
0.000007 49
0.000007 2
0.000006 50
0.000007 2
0.000006 65
0.000022 2
0.000008 51
0.000008 2
0.000006 52
0.000022 2
0.000239 84
0.000018 2
0.000024 38
0.000007 2
0.000006 33
0.000007 2
0.000006 4
0.000006 37
0.000008 2
0.000006 55
0.000007 2
0.000006 52
0.000007 2
0.000006 38
0.000032 2
0.000006 33
0.000007 2
0.000006 49
0.000007 2
0.000006 51
0.000007 2
0.000006 50
0.000007 2
0.000006 54
0.000007 2
0.000006 52
0.000007 2
0.000006 58
0.000007 2
0.000006 46
0.000006 2
0.000007 47
0.000006 2
0.000007 49
0.000006 2
0.000006 38
0.000007 2
0.000006 33
0.000007 2
0.000006 50
0.000006 2
0.000006 50
0.000027 2
0.000007 62
0.000006 2
0.000007 59
0.000007 2
0.000006 49
0.000007 2
0.000006 38
0.000007 2
0.000006 33
0.000006 2
0.000007 50
0.000006 2
0.000006 52
0.000007 2
0.000007 62
0.000006 2
0.000006 54
0.000007 2
0.000006 58
0.000007 2
0.000006 53
0.000007 2
0.000026 38
0.000027 2
0.000007 43
0.000007 2
0.000006 39
0.000007 2
0.000006 102
0.000007 2
0.000006 95
0.000007 2
0.000007 108
0.000007 2
0.000007 102
0.000007 2
0.000006 38
0.000007 2
0.000006 34
0.000007 24
0.000007 2
0.000027 66
0.000007 2
0.000006 93
0.000007 2
0.000006 63
0.000008 2
0.000006 74
0.000007 2
0.000006 97
0.000007 2
0.000006 81
0.000007 2
0.000006 96
0.000022 2
0.000007 81
0.000007 2
0.000006 99
0.000007 2
0.000006 81
0.000007 2
0.000009 98
0.000030 2
0.000007 47
0.000007 2
0.000006 86
0.000007 2
0.000006 56
0.000007 2
0.000006 40
0.000007 2
0.000006 81
0.000007 2
0.000006 38
0.000007 2
0.000006 44
0.000006 2
0.000007 40
0.000006 2
0.000006 64
0.000007 2
0.000006 55
0.000007 2
0.000006 58
0.000007 2
0.000006 60
0.000007 2
0.000006 98
0.000036 2
0.000009 45
0.000007 2
0.000006 43
0.000006 2
0.000007 41
0.000006 2
0.000006 40
0.000007 2
0.000006 40
0.000007 2
0.000006 36
0.000007 2
0.000006 7
0.000006 2
0.000006 7
0.000007 2
0.000006 16
0.000006 2
0.000006 19
0.000007 4
0.000015 2
0.000026 23
0.000007 2
0.000007 19
0.000007 2
0.000007 16
0.000011 2
0.000019 20
0.016582 2
0.000044 21
0.000018 2
0.000018 32
0.000016 2
0.000016 38
0.000016 2
0.000016 29
0.000015 2
0.000015 80
0.000015 2
0.000017 23
0.000015 2
0.000015 38
0.000016 2
0.000015 36
0.000016 2
0.000016 42
0.000015 2
0.000016 36
0.000015 2
0.000016 52
0.000015 2
0.000016 36
0.000026 2
0.000028 36
0.000028 2
0.000019 47
0.000016 2
0.000016 42
0.000015 2
0.000015 36
0.000015 2
0.000015 52
0.000016 2
0.000016 36
0.000015 2
0.000016 36
0.000015 2
0.000016 42
0.000015 2
0.000016 42
0.000015 2
0.000016 36
0.000015 2
0.000016 52
0.000016 2
0.000015 36
0.000016 2
0.000015 23
0.000016 13
0.000017 2
0.000015 42
0.000016 2
0.001000 42
0.000029 2
0.000016 36
0.000016 2
0.000015 52
0.000016 2
0.000015 36
0.000016 2
0.000015 36
0.000016 2
0.000015 45
0.000015 2
0.000016 42
0.000015 2
0.000016 36
0.000015 2
0.000016 52
0.000015 2
0.000016 36
0.000015 2
0.000016 36
0.000015 2
0.000015 36
0.000016 2
0.000015 42
0.000016 2
0.000015 36
0.000015 2
0.000016 50
0.000015 2
0.000016 36
0.000016 2
0.000015 36
0.000016 2
0.000015 40
0.000016 2
0.000015 42
0.000016 2
0.000015 36
0.000016 2
0.000015 43
0.000016 2
0.000016 36
0.000015 2
0.000016 36
0.000015 2
0.000015 52
0.000016 2
0.000015 42
0.000016 2
0.000015 36
0.000016 2
0.000015 43
0.000015 2
0.000016 36
0.000016 2
0.000015 36
0.000016 2
0.000015 45
0.000016 2
0.000015 42
0.000016 2
0.000015 36
0.000016 2
0.000024 43
0.000018 2
0.000015 36
0.000016 2
0.000015 36
0.000016 2
0.000015 37
0.000015 2
0.000016 42
0.000015 2
0.000015 36
0.000016 2
0.000022 44
0.000016 2
0.000015 36
0.000015 2
0.000016 36
0.000015 2
0.000016 37
0.000015 2
0.000019 42
0.000015 2
0.000016 36
0.000015 2
0.000015 42
0.000016 2
0.000015 36
0.000015 2
0.000016 40
0.000015 2
0.000015 21
0.000015 2
0.000016 50
0.000015 2
0.000016 6
0.000015 31
0.000016 2
0.000015 29
0.000016 2
0.000015 63
0.000016 2
0.000016 23
0.000015 2
0.000016 38
0.000016 2
0.000016 33
0.000016 2
0.000015 36
0.000016 2
0.000016 36
0.000015 2
0.000016 53
0.000015 2
0.000016 103
0.000016 2
0.000017 91
0.000038 2
0.000021 34
0.000016 2
0.000016 45
0.000016 2
0.000022 46
0.000019 2
0.000016 33
0.000016 2
0.000015 34
0.000016 2
0.000015 96
0.000016 2
0.000016 105
0.000016 2
0.000017 100
0.000016 2
0.000016 34
0.000016 2
0.000015 57
0.000016 2
0.000015 55
0.000016 2
0.000016 33
0.000015 2
0.000015 34
0.000016 2
0.000016 108
0.000016 2
0.000016 70
0.000016 2
0.000016 34
0.000015 2
0.000016 51
0.000016 2
0.000016 51
0.000015 2
0.000016 33
0.000015 2
0.000016 35
0.000015 2
0.000016 78
0.000016 2
0.000016 51
0.000015 2
0.000016 106
0.000016 2
0.000024 62
0.000030 2
0.000029 60
0.000031 2
0.000031 31
0.000027 29
0.000031 2
0.000033 60
0.000033 2
0.000030 60
0.000039 2
0.000026 60
0.000040 2
0.000017 60
0.000018 2
0.000016 51
0.000020 2
0.000016 61
0.000015 2
0.000016 60
0.000015 2
0.000016 60
0.000015 2
0.000016 61
0.000015 2
0.000016 60
0.000015 2
0.000016 60
0.000015 2
0.000016 60
0.000015 2
0.000016 60
0.000016 2
0.000016 51
0.000016 2
0.000016 60
0.000016 2
0.000015 60
0.000015 2
0.000016 60
0.000039 2
0.000021 61
0.000016 2
0.000016 60
0.000015 2
0.000016 60
0.000015 2
0.000016 60
0.000015 2
0.000016 60
0.000016 2
0.000015 52
0.000016 2
0.000015 99
0.000016 2
0.000017 70
0.000015 2
0.000016 33
0.000015 2
0.000016 64
0.000016 2
0.000016 46
0.000015 2
0.000015 57
0.000016 2
0.000016 50
0.000015 2
0.000016 106
0.000016 2
0.000016 61
0.000026 2
0.000018 43
0.000015 40
0.000017 2
0.000016 44
0.000015 2
0.000015 46
0.000016 2
0.000029 33
0.000016 2
0.000015 33
0.000016 2
0.000017 73
0.000016 2
0.000016 48
0.000015 2
0.000016 33
0.000015 2
0.000015 36
0.000016 2
0.000015 21
0.000015 2
0.000015 63
0.000036 2
0.000020 37
0.000015 2
0.000016 29
0.000015 2
0.000015 127
0.000021 2
0.000019 23
0.000015 2
0.000015 38
0.000015 2
0.000016 32
0.000015 2
0.000015 74
0.000016 2
0.000015 21
0.000016 2
0.000015 32
0.000015 2
0.000015 40
0.000016 2
0.000015 29
0.000015 2
0.000015 42
0.000016 2
0.000015 23
0.000015 2
0.000015 38
0.000015 2
0.000015 36
0.000015 2
0.000016 40
0.000015 2
0.000015 21
0.000015 2
0.000016 44
0.000015 2
0.000015 37
0.000249 2
0.000029 29
0.000017 2
0.000015 57
0.000016 2
0.000016 23
0.000015 2
0.000015 38
0.000016 2
0.000015 33
0.000016 2
0.000016 36
0.000015 2
0.000016 36
0.000015 2
0.000016 48
0.000015 2
0.000034 63
0.000016 2
0.000016 85
0.000015 2
0.000021 110
0.000015 2
0.000017 47
0.000015 2
0.000016 154
0.000016 2
0.000016 13
0.000016 63
0.000016 2
0.000016 33
0.000015 2
0.000015 39
0.000016 2
0.000015 104
0.000016 2
0.000016 99
0.000016 2
0.000016 82
0.000016 2
0.000016 76
0.000015 2
0.000016 42
0.000015 2
0.000016 43
0.000015 2
0.000016 49
0.000022 2
0.000017 50
0.000015 2
0.000006 65
0.000017 2
0.000006 51
0.000006 2
0.000006 52
0.000006 2
0.000006 84
0.000006 2
0.000006 38
0.000006 2
0.000006 33
0.000020 2
0.000006 41
0.000006 2
0.000006 55
0.000006 2
0.000005 52
0.000007 2
0.000005 38
0.000006 2
0.000006 33
0.000006 2
0.000005 49
0.000006 2
0.000006 51
0.000006 2
0.000006 50
0.000022 2
0.000007 54
0.000006 2
0.000005 52
0.000006 2
0.000006 58
0.000006 2
0.000006 46
0.000006 2
0.000005 47
0.000007 2
0.000005 49
0.000006 2
0.000006 38
0.000006 2
0.000005 33
0.000006 2
0.000006 50
0.000006 2
0.000005 50
0.000023 2
0.000006 62
0.000006 2
0.000006 59
0.000006 2
0.000005 41
0.000006 8
0.000007 2
0.000005 38
0.000006 2
0.000006 33
0.000006 2
0.000006 50
0.000006 2
0.000005 52
0.000006 2
0.000006 62
0.000006 2
0.000006 54
0.000034 2
0.000006 58
0.000021 2
0.000008 53
0.000007 2
0.000012 38
0.000006 2
0.000005 43
0.000006 2
0.000006 39
0.000006 2
0.000007 102
0.000008 2
0.000006 95
0.000006 2
0.000006 108
0.000007 2
0.000006 102
0.000007 2
0.000006 38
0.000007 2
0.000006 58
0.000029 2
0.000007 66
0.000006 2
0.000007 93
0.000007 2
0.000006 63
0.000007 2
0.000007 74
0.000006 2
0.000007 97
0.000007 2
0.000006 81
0.000007 2
0.000006 96
0.000007 2
0.000006 81
0.000007 2
0.000006 99
0.000007 2
0.000006 81
0.000007 2
0.000006 98
0.000007 2
0.000030 47
0.000007 2
0.000006 11
0.000007 75
0.000008 2
0.000006 56
0.000007 2
0.000006 40
0.000007 2
0.000006 81
0.000007 2
0.000006 38
0.000006 2
0.000007 44
0.000006 2
0.000006 40
0.000007 2
0.000006 64
0.000016 2
0.000044 55
0.000008 2
0.000006 58
0.000007 2
0.000006 60
0.000007 2
0.000006 98
0.000007 2
0.000007 45
0.000006 2
0.000006 43
0.000007 2
0.000006 41
0.000007 2
0.000006 40
0.000007 2
0.000006 40
0.000006 2
0.000007 36
0.000006 2
0.000006 7
0.000007 2
0.000006 7
0.000006 2
0.000006 16
0.000007 2
0.000006 19
0.000007 4
0.000010 2
0.000006 23
0.000013 2
0.000007 19
0.000008 2
0.000007 16
0.000013 2
0.000048 20
0.031437 2
0.000064 21
0.000018 2
0.000017 32
0.000016 2
0.000015 38
0.000016 2
0.000016 29
0.000019 2
0.000016 80
0.000015 2
0.000518 23
0.000024 2
0.000016 38
0.000016 2
0.000015 36
0.000016 2
0.000015 42
0.000015 2
0.000016 36
0.000015 2
0.000016 52
0.000015 2
0.000016 36
0.000015 2
0.000015 36
0.000015 2
0.000016 47
0.000015 2
0.000016 42
0.000015 2
0.000016 36
0.000015 2
0.000015 52
0.000016 2
0.000016 36
0.000016 2
0.000015 36
0.000016 2
0.000015 42
0.000016 2
0.000017 42
0.000041 2
0.000026 36
0.000017 2
0.000016 52
0.000015 2
0.000016 36
0.000015 2
0.000039 23
0.000020 13
0.000019 2
0.000015 42
0.000016 2
0.000015 42
0.000016 2
0.000016 36
0.000016 2
0.000015 52
0.000016 2
0.000015 36
0.000025 2
0.000019 36
0.000016 2
0.000015 45
0.000015 2
0.000016 42
0.000016 2
0.000015 36
0.000016 2
0.000015 52
0.000016 2
0.000016 36
0.000015 2
0.000016 36
0.000015 2
0.000016 36
0.000015 2
0.000016 42
0.000015 2
0.000016 36
0.000015 2
0.000016 50
0.000016 2
0.000015 36
0.000015 2
0.000016 36
0.000015 2
0.000015 40
0.000016 2
0.000015 42
0.000015 2
0.000016 36
0.000015 2
0.000016 43
0.000015 2
0.000016 36
0.000016 2
0.000016 36
0.000015 2
0.000016 52
0.000015 2
0.000025 42
0.000016 2
0.000016 36
0.000015 2
0.000015 43
0.000016 2
0.000016 36
0.000015 2
0.000016 36
0.000015 2
0.000016 45
0.000015 2
0.000015 42
0.000016 2
0.000015 36
0.000015 2
0.000016 43
0.000017 2
0.000015 36
0.000016 2
0.000015 36
0.000015 2
0.000016 37
0.000015 2
0.000016 42
0.000015 2
0.000016 36
0.000016 2
0.000015 44
0.000016 2
0.000016 36
0.000015 2
0.000015 36
0.000016 2
0.000015 37
0.000016 2
0.000015 42
0.000024 2
0.000015 36
0.000016 2
0.000016 42
0.000019 2
0.000016 36
0.000015 2
0.000015 40
0.000016 2
0.000015 21
0.000015 2
0.000016 50
0.000015 2
0.000016 6
0.000015 31
0.000016 2
0.000016 29
0.000015 2
0.000015 63
0.000016 2
0.000016 23
0.000015 2
0.000015 38
0.000015 2
0.000016 33
0.000016 2
0.000022 36
0.000016 2
0.000016 36
0.000015 2
0.000016 53
0.000015 2
0.000017 103
0.000013 2
0.000015 91
0.000013 2
0.000014 34
0.000012 2
0.000014 45
0.000013 2
0.000013 46
0.000013 2
0.000012 33
0.000013 2
0.000014 34
0.000013 2
0.000013 96
0.000013 2
0.000054 105
0.000014 2
0.000015 100
0.000013 2
0.000014 34
0.000012 2
0.000014 57
0.000013 2
0.000013 55
0.000013 2
0.000013 33
0.000013 2
0.000013 34
0.000013 2
0.000013 108
0.000013 2
0.000014 70
0.000013 2
0.000014 34
0.000012 2
0.000013 51
0.000013 2
0.000013 51
0.000013 2
0.000014 33
0.000012 2
0.000014 35
0.000012 2
0.000013 78
0.000014 2
0.000013 51
0.000013 2
0.000013 106
0.000013 2
0.000015 62
0.000013 2
0.000013 60
0.000013 2
0.000013 31
0.000039 29
0.000016 2
0.000013 60
0.000013 2
0.000013 60
0.000027 2
0.000022 60
0.000031 2
0.000015 60
0.000013 2
0.000013 51
0.000013 2
0.000014 61
0.000013 2
0.000013 60
0.000013 2
0.000013 60
0.000013 2
0.000013 61
0.000017 2
0.000014 60
0.000013 2
0.000013 60
0.000013 2
0.000013 60
0.000013 2
0.000013 60
0.000014 2
0.000013 51
0.000014 2
0.000013 60
0.000013 2
0.000013 60
0.000012 2
0.000014 60
0.000012 2
0.000013 61
0.000013 2
0.000013 60
0.000013 2
0.000014 60
0.000012 2
0.000014 60
0.000012 2
0.000013 60
0.000013 2
0.000013 52
0.000013 2
0.000014 99
0.000014 2
0.000014 70
0.000013 2
0.000013 33
0.000013 2
0.000013 64
0.000013 2
0.000013 46
0.000013 2
0.000013 57
0.000013 2
0.000014 50
0.000013 2
0.000013 106
0.000013 2
0.000014 61
0.000012 2
0.000014 43
0.000013 40
0.000014 2
0.000013 44
0.000012 2
0.000013 46
0.000013 2
0.000013 33
0.000013 2
0.000016 33
0.000014 2
0.000012 73
0.000014 2
0.000013 48
0.000020 2
0.000015 33
0.000012 2
0.000014 36
0.000012 2
0.000014 21
0.000012 2
0.000013 63
0.000013 2
0.000014 37
0.000013 2
0.000013 29
0.000012 2
0.000013 127
0.000013 2
0.000015 23
0.000012 2
0.000013 38
0.000013 2
0.000013 32
0.000013 2
0.000013 74
0.000013 2
0.000013 21
0.000013 2
0.000013 32
0.000012 2
0.000013 40
0.000013 2
0.000013 29
0.000013 2
0.000013 42
0.000013 2
0.000013 23
0.000012 2
0.000013 38
0.000012 2
0.000013 36
0.000013 2
0.000013 40
0.000013 2
0.000013 21
0.000012 2
0.000014 44
0.000013 2
0.000014 37
0.000017 2
0.000013 29
0.000013 2
0.000013 57
0.000018 2
0.000013 23
0.000013 2
0.000012 38
0.000013 2
0.000013 33
0.000013 2
0.000013 36
0.000016 2
0.000014 36
0.000012 2
0.000013 48
0.000013 2
0.000013 63
0.000013 2
0.000017 85
0.000013 2
0.000014 110
0.000013 2
0.000014 47
0.000013 2
0.000013 154
0.000014 2
0.000014 13
0.000013 63
0.000204 2
0.000027 33
0.000015 2
0.000013 39
0.000013 2
0.000013 104
0.000013 2
0.000014 99
0.000014 2
0.000014 82
0.000013 2
0.000006 76
0.000007 2
0.000015 42
0.000006 2
0.000006 43
0.000006 2
0.000005 49
0.000007 2
0.000005 50
0.000006 2
0.000006 65
0.000006 2
0.000027 51
0.000007 2
0.000006 52
0.000006 2
0.000006 84
0.000006 2
0.000006 38
0.000006 2
0.000006 33
0.000005 2
0.000006 41
0.000018 2
0.000006 55
0.000006 2
0.000006 52
0.000006 2
0.000006 38
0.000006 2
0.000006 33
0.000005 2
0.000006 49
0.000006 2
0.000006 51
0.000006 2
0.000006 50
0.000011 2
0.000005 54
0.000006 2
0.000006 52
0.000006 2
0.000015 58
0.000011 2
0.000006 46
0.000006 2
0.000010 47
0.000007 2
0.000005 49
0.000006 2
0.000006 38
0.000010 2
0.000006 33
0.000006 2
0.000006 50
0.000006 2
0.000010 50
0.000006 2
0.000006 62
0.000006 2
0.000010 59
0.000007 2
0.000007 41
0.000006 8
0.000012 2
0.000007 38
0.000006 2
0.000006 33
0.000011 2
0.000006 50
0.000007 2
0.000006 52
0.000011 2
0.000007 62
0.000006 2
0.000007 54
0.000011 2
0.000006 58
0.000007 2
0.000006 53
0.000011 2
0.000007 38
0.000006 2
0.000006 43
0.000011 2
0.000006 39
0.000007 2
0.000006 102
0.000018 2
0.000007 95
0.000008 2
0.000011 108
0.000007 2
0.000007 102
0.000007 2
0.000006 38
0.000011 2
0.000007 58
0.000007 2
0.000006 66
0.000011 2
0.000007 93
0.000007 2
0.000006 63
0.000012 2
0.000007 74
0.000006 2
0.000007 97
0.000007 2
0.000011 81
0.000007 2
0.000006 96
0.000007 2
0.000011 81
0.000008 2
0.000006 99
0.000007 2
0.000015 81
0.000008 2
0.000006 98
0.000007 2
0.000012 47
0.000006 2
0.000017 11
0.000009 75
0.000013 2
0.000007 56
0.000006 2
0.000007 40
0.000006 2
0.000011 81
0.000008 2
0.000006 38
0.000006 2
0.000011 44
0.000007 2
0.000006 40
0.000007 2
0.000006 64
0.000012 2
0.000006 55
0.000007 2
0.000006 58
0.000011 2
0.000007 60
0.000007 2
0.000006 98
0.000007 2
0.000011 45
0.000007 2
0.000006 43
0.000007 2
0.000011 41
0.000006 2
0.000006 40
0.000007 2
0.000011 40
0.000007 2
0.000006 36
0.000007 2
0.000006 7
0.000021 2
0.000006 7
0.000007 2
0.000006 16
0.000007 2
0.000006 19
0.000007 4
0.000009 2
0.000007 23
0.000007 2
0.000007 19
0.000012 2
0.000007 16
0.000012 2
0.000012 20
0.017743 2
0.000030 21
0.000011 2
0.000012 32
0.000015 2
0.000010 38
0.000011 2
0.000010 29
0.000011 2
0.000010 80
0.000011 2
0.000010 23
0.000010 2
0.000010 38
0.000011 2
0.000010 36
0.000010 2
0.000010 42
0.000011 2
0.000010 36
0.000010 2
0.000010 52
0.000011 2
0.000010 36
0.000010 2
0.000010 36
0.000010 2
0.000010 47
0.000011 2
0.000010 42
0.000010 2
0.000010 36
0.000010 2
0.000010 52
0.000010 2
0.000010 36
0.000010 2
0.000010 36
0.000010 2
0.000010 42
0.000010 2
0.000010 42
0.000010 2
0.000010 36
0.000010 2
0.000010 52
0.000011 2
0.000010 36
0.000011 2
0.000010 23
0.000011 13
0.000194 2
0.000026 42
0.000019 2
0.000010 42
0.000010 2
0.000010 36
0.000017 2
0.000010 52
0.000011 2
0.000010 36
0.000010 2
0.000010 36
0.000010 2
0.000010 45
0.000010 2
0.000010 42
0.000011 2
0.000010 36
0.000010 2
0.000010 52
0.000011 2
0.000010 36
0.000010 2
0.000010 36
0.000010 2
0.000010 36
0.000010 2
0.000010 42
0.000010 2
0.000015 36
0.000011 2
0.000010 50
0.000010 2
0.000015 36
0.000011 2
0.000010 36
0.000010 2
0.000010 40
0.000010 2
0.000010 42
0.000010 2
0.000010 36
0.000010 2
0.000010 43
0.000011 2
0.000009 36
0.000011 2
0.000009 36
0.000010 2
0.000010 52
0.000011 2
0.000010 42
0.000011 2
0.000010 36
0.000010 2
0.000009 43
0.000011 2
0.000010 36
0.000010 2
0.000010 36
0.000010 2
0.000010 45
0.000010 2
0.000010 42
0.000011 2
0.000010 36
0.000011 2
0.000009 43
0.000011 2
0.000010 36
0.000010 2
0.000010 36
0.000010 2
0.000010 37
0.000011 2
0.000010 42
0.000010 2
0.000017 36
0.000011 2
0.000010 44
0.000010 2
0.000010 36
0.000011 2
0.000010 36
0.000010 2
0.000010 37
0.000010 2
0.000010 42
0.000010 2
0.000011 36
0.000010 2
0.000010 42
0.000034 2
0.000014 36
0.000010 2
0.000010 40
0.000010 2
0.000011 21
0.000010 2
0.000010 50
0.000010 2
0.000010 6
0.000010 31
0.000011 2
0.000010 29
0.000010 2
0.000010 63
0.000011 2
0.000010 23
0.000010 2
0.000010 38
0.000010 2
0.000010 33
0.000011 2
0.000010 36
0.000010 2
0.000010 36
0.000010 2
0.000010 53
0.000010 2
0.000010 103
0.000011 2
0.000010 91
0.000016 2
0.000011 34
0.000010 2
0.000010 45
0.000011 2
0.000010 46
0.000010 2
0.000010 33
0.000010 2
0.000010 34
0.000010 2
0.000010 96
0.000010 2
0.000011 105
0.000011 2
0.000010 100
0.000011 2
0.000010 34
0.000022 2
0.000012 57
0.000011 2
0.000011 55
0.000010 2
0.000011 33
0.000010 2
0.000010 34
0.000010 2
0.000010 108
0.000010 2
0.000011 70
0.000011 2
0.000010 34
0.000010 2
0.000010 51
0.000010 2
0.000011 51
0.000010 2
0.000010 33
0.000010 2
0.000010 35
0.000010 2
0.000010 78
0.000011 2
0.000010 51
0.000011 2
0.000010 106
0.000017 2
0.000056 62
0.000012 2
0.000010 60
0.000011 2
0.000010 31
0.000011 29
0.000016 2
0.000015 60
0.000011 2
0.000010 60
0.000010 2
0.000011 60
0.000010 2
0.000011 60
0.000010 2
0.000010 51
0.000011 2
0.000010 61
0.000010 2
0.000011 60
0.000010 2
0.000010 60
0.000011 2
0.000010 61
0.000010 2
0.000010 60
0.000011 2
0.000010 60
0.000010 2
0.000011 60
0.000010 2
0.000010 60
0.000010 2
0.000011 51
0.000011 2
0.000010 60
0.000010 2
0.000011 60
0.000011 2
0.000019 60
0.000019 2
0.000018 61
0.000015 2
0.000011 60
0.000010 2
0.000010 60
0.000010 2
0.000010 60
0.000011 2
0.000010 60
0.000010 2
0.000010 52
0.000011 2
0.000010 99
0.000010 2
0.000011 70
0.000010 2
0.000010 33
0.000010 2
0.000010 64
0.000010 2
0.000010 46
0.000010 2
0.000010 57
0.000010 2
0.000011 50
0.000030 2
0.000014 106
0.000010 2
0.000011 61
0.000010 2
0.000010 43
0.000010 40
0.000011 2
0.000010 44
0.000010 2
0.000010 46
0.000010 2
0.000009 33
0.000010 2
0.000010 33
0.000010 2
0.000010 73
0.000010 2
0.000011 48
0.000016 2
0.000012 33
0.000010 2
0.000009 36
0.000011 2
0.000009 21
0.000010 2
0.000010 63
0.000010 2
0.000011 37
0.000010 2
0.000009 29
0.000010 2
0.000010 127
0.000011 2
0.000011 23
0.000010 2
0.000010 38
0.000010 2
0.000009 32
0.000010 2
0.000010 74
0.000010 2
0.000011 21
0.000010 2
0.000015 32
0.000017 2
0.000017 40
0.000017 2
0.000017 29
0.000011 2
0.000010 42
0.000010 2
0.000009 23
0.000010 2
0.000010 38
0.000010 2
0.000010 36
0.000009 2
0.000010 40
0.000010 2
0.000010 21
0.000010 2
0.000009 44
0.000010 2
0.000010 37
0.000010 2
0.000014 29
0.000010 2
0.000010 57
0.000010 2
0.000011 23
0.000009 2
0.000010 38
0.000010 2
0.000010 33
0.000010 2
0.000009 36
0.000010 2
0.000010 36
0.000010 2
0.000010 48
0.000010 2
0.000009 63
0.000011 2
0.000010 85
0.000011 2
0.000010 110
0.000011 2
0.000010 47
0.000010 2
0.000010 154
0.000011 2
0.000015 13
0.000010 63
0.000011 2
0.000011 33
0.000010 2
0.000009 39
0.000010 2
0.000010 104
0.000010 2
0.000011 99
0.000011 2
0.000010 82
0.000011 2
0.000010 76
0.000011 2
0.000010 42
0.000010 2
0.000010 43
0.000010 2
0.000010 49
0.000010 2
0.000010 50
0.000026 2
0.000010 65
0.000012 2
0.000011 51
0.000011 2
0.000010 52
0.000012 2
0.000010 84
0.000012 2
0.000011 38
0.000011 2
0.000010 33
0.000010 2
0.000011 41
0.000011 2
0.000010 55
0.000012 2
0.000010 52
0.000011 2
0.000011 38
0.000011 2
0.000010 33
0.000011 2
0.000010 49
0.000012 2
0.000010 51
0.000012 2
0.000010 50
0.000011 2
0.000011 54
0.000012 2
0.000010 52
0.000012 2
0.000010 58
0.000012 2
0.000010 46
0.000011 2
0.000011 47
0.000011 2
0.000010 49
0.000011 2
0.000011 38
0.000024 2
0.000017 33
0.000012 2
0.000011 50
0.000011 2
0.000011 50
0.000011 2
0.000011 62
0.000012 2
0.000010 59
0.000012 2
0.000011 41
0.000011 8
0.000011 2
0.000011 38
0.000011 2
0.000011 33
0.000011 2
0.000010 50
0.000012 2
0.000010 52
0.000012 2
0.000011 62
0.000011 2
0.000011 54
0.000011 2
0.000011 58
0.000012 2
0.000010 53
0.000012 2
0.000010 38
0.000011 2
0.000011 43
0.000011 2
0.000010 39
0.000012 2
0.000011 102
0.000012 2
0.000011 95
0.000012 2
0.000010 108
0.000013 2
0.000010 102
0.000012 2
0.000011 38
0.000012 2
0.000019 58
0.000012 2
0.000010 66
0.000012 2
0.000011 93
0.000012 2
0.000011 63
0.000012 2
0.000011 74
0.000011 2
0.000011 97
0.000012 2
0.000011 81
0.000012 2
0.000010 96
0.000012 2
0.000011 81
0.000012 2
0.000016 99
0.000014 2
0.000010 81
0.000013 2
0.000010 98
0.000017 2
0.000011 47
0.000011 2
0.000011 11
0.000011 75
0.000013 2
0.000011 56
0.000011 2
0.000011 40
0.000011 2
0.000011 81
0.000012 2
0.000011 38
0.000011 2
0.000010 44
0.000012 2
0.000010 40
0.000011 2
0.000011 64
0.000014 2
0.000014 55
0.000011 2
0.000011 58
0.000012 2
0.000010 60
0.000012 2
0.000011 98
0.000012 2
0.000011 45
0.000011 2
0.000011 43
0.000011 2
0.000011 41
0.000011 2
0.000011 40
0.000028 2
0.000012 40
0.000011 2
0.000011 36
0.000011 2
0.000011 7
0.000011 2
0.000011 7
0.000011 2
0.000011 16
0.000011 2
0.000011 19
0.000012 4
0.000014 2
0.000011 23
0.000012 2
0.000011 19
0.000014 2
0.000011 16
0.000017 2
0.000011 2
0.039796 4
3.685500 1
3.826139 1
0.230950 1
0.266739 1
0.123071 1
0.155375 1
0.129452 1
0.156422 1
0.087241 1
0.136980 1
0.038352 1
0.149637 1
0.045723 1
0.089252 1
0.162733 1
0.126902 1
0.094086 1
0.202605 3
0.782351 1
0.085557 1
0.147744 3
0.563521 1
0.122063 1
0.110360 1
0.144611 1
0.075539 1
0.143350 1
0.061458 1
0.181237 1
0.288850 1
0.096206 1
0.160885 1
0.061499 1
0.185383 1
0.193001 1
0.000698 1
0.115838 1
0.113564 1
0.036256 1
0.164202 1
0.067026 1
0.128308 1
0.066481 1
0.140971 1
0.123406 3
0.392486 1
0.155844 1
0.198888 1
0.103592 1
0.074441 1
0.150956 1
0.073883 1
0.111640 1
0.100617 1
0.165231 1
0.148753 1
0.479876 1
0.125724 1
0.420453 1
0.095079 1
0.237140 1
0.245130 1
0.774827 1
0.728827 1
0.089025 1
0.060356 1
0.080803 1
0.098591 1
0.045628 1
0.195693 1
0.157397 1
0.073901 1
0.058097 1
0.118155 1
0.021978 1
0.589820 1
0.149560 4
0.752957 1
0.408975 1
0.181191 1
0.235619 1
0.122482 1
0.038704 1
0.091548 1
0.182474 1
0.051713 1
0.071064 1
0.042981 1
0.260892 1
0.181903 1
0.122565 1
0.093832 1
0.038730 1
0.066218 1
0.072160 1
0.127611 1
0.173586 1
0.056077 1
0.128781 1
0.224147 1
0.135933 1
0.083320 1
0.122120 1
0.074836 1
0.132156 1
0.057761 1
0.202894 1
0.093448 1
0.061038 1
0.143625 1
0.059515 1
0.077320 1
0.054900 1
0.143347 1
0.195321 1
0.112969 1
0.077795 1
0.517728 4
0.814257 1
0.345607 1
0.114368 1
0.104570 1
0.126202 1
0.097573 1
0.167064 1
0.096959 1
0.222343 1
0.082670 1
0.141293 1
0.575955 1
0.404260 1
0.219379 1
0.060387 1
0.161523 1
0.162240 1
0.066384 1
0.067916 1
0.114749 1
0.041540 1
0.264640 1
0.208775 1
0.107712 1
0.101518 1
0.145201 1
0.190299 1
0.200522 1
0.095202 1
0.148844 1
0.044349 1
0.135930 1
0.052754 1
0.173523 1
0.208110 1
0.130254 1
0.105440 1
0.115185 1
0.162515 1
1.036044 1
0.138791 1
1.216038 1
0.189942 1
0.072498 1
0.201253 1
0.089398 1
0.176430 1
0.007325 1
0.136122 3
0.634128 3
0.162742 3
0.159660 1
0.296219 1
0.046623 1
0.582964 1
0.614570 1
0.118383 1
0.157026 1
0.126614 1
0.220792 1
0.146288 1
0.094005 1
0.207743 1
0.061743 1
0.142741 1
0.251326 1
0.503583 1
0.496498 4
0.616894 1
0.342331 1
0.157497 1
0.093068 1
0.161560 1
0.129075 1
0.171555 1
0.270530 1
0.131531 1
0.674452 1
0.509068 1
0.091452 1
0.099529 1
0.094957 1
0.198400 1
0.022141 1
0.145667 1
0.188705 1
0.205119 1
0.196364 3
0.427245 1
0.237798 1
0.280719 1
0.309981 1
0.186789 1
0.060617 1
0.402241 1
0.087831 1
0.250484 1
0.283240 1
0.248666 1
0.166277 1
0.218624 1
0.112072 1
0.123720 1
0.667951 1
0.113700 1
0.489799 3
0.358229 1
0.226324 1
0.335187 1
0.226632 1
0.207335 1
0.246039 1
0.114406 1
0.127111 1
0.452752 1
0.131319 1
0.304215 1
0.283743 1
0.193648 1
0.378418 1
0.264840 1
0.177701 1
0.058942 1
0.328573 3
0.372334 1
0.229900 1
0.062770 2
1.100783 30
0.167074 2
0.000132 22
20.790370 2
0.000116 25
0.000026 2
0.000021 19
0.000188 2
0.000055 29
0.000025 2
0.000020 26
0.000020 2
0.000020 25
0.000020 2
0.000018 33
0.000016 2
0.000016 39
0.000016 2
0.000016 37
0.000054 2
0.000022 33
0.000016 2
0.000015 35
0.000016 2
0.000015 35
0.000016 2
0.000015 45
0.000016 2
0.000015 34
0.000015 2
0.000016 33
0.000016 2
0.000015 41
0.000016 2
0.000015 49
0.000016 2
0.000015 64
0.000015 2
0.000017 43
0.000015 2
0.000017 39
0.000016 2
0.000016 41
0.000015 2
0.000016 40
0.000015 2
0.000016 40
0.000015 2
0.000016 140
0.000016 2
0.000017 30
0.000015 2
0.000015 51
0.000023 2
0.000018 32
0.000016 2
0.000015 38
0.000016 2
0.000015 36
0.000015 2
0.000016 34
0.000015 2
0.000015 34
0.000015 2
0.000016 42
0.000015 2
0.000015 38
0.000016 2
0.000015 41
0.000015 2
0.000015 36
0.000015 2
0.000016 34
0.000015 2
0.000015 37
0.000016 2
0.000015 33
0.000015 2
0.000016 35
0.000015 2
0.000015 34
0.000016 2
0.000015 33
0.000015 2
0.000016 41
0.000015 2
0.000016 43
0.000015 2
0.000015 39
0.000016 2
0.000015 40
0.000016 2
0.000015 139
0.000016 2
0.000017 40
0.000015 2
0.000016 30
0.000015 2
0.000016 43
0.000015 8
0.000035 2
0.000020 32
0.000015 2
0.000016 41
0.000015 2
0.000021 33
0.000017 2
0.000016 41
0.000016 2
0.000015 39
0.000015 2
0.000016 39
0.000015 2
0.000015 40
0.000015 2
0.000020 39
0.000035 2
0.000018 45
0.000016 2
0.000015 47
0.000015 2
0.000016 43
0.000015 2
0.000015 41
0.000015 2
0.000016 49
0.000015 2
0.000016 52
0.000015 2
0.000016 48
0.000015 2
0.000015 46
0.000016 2
0.000015 47
0.000015 2
0.000016 52
0.000015 2
0.000016 51
0.000015 2
0.000016 47
0.000015 2
0.000016 44
0.000015 2
0.000016 46
0.000015 2
0.000015 63
0.000015 2
0.000016 46
0.000016 2
0.000015 53
0.000016 2
0.000016 48
0.000015 2
0.000016 139
0.000015 2
0.000017 46
0.000016 2
0.000015 53
0.000015 2
0.000016 38
0.000015 2
0.000017 59
0.000016 2
0.000016 41
0.000015 2
0.000015 43
0.000015 2
0.000016 47
0.000015 2
0.000016 147
0.000016 2
0.000017 44
0.000015 2
0.000016 49
0.000015 2
0.000016 51
0.000015 2
0.000016 55
0.000022 2
0.000017 16
0.000015 29
0.000017 2
0.000015 53
0.000015 2
0.000016 49
0.000015 2
0.000016 65
0.000027 2
0.000020 51
0.000016 2
0.000016 53
0.000015 2
0.000016 44
0.000015 2
0.000015 59
0.000016 2
0.000016 40
0.000015 2
0.000015 47
0.000016 2
0.000015 53
0.000016 2
0.000016 49
0.000015 2
0.000016 55
0.000015 2
0.000016 53
0.000015 2
0.000016 50
0.000015 2
0.000016 67
0.000016 2
0.000015 50
0.000016 2
0.000015 59
0.000016 2
0.000015 51
0.000016 2
0.000017 60
0.000020 2
0.000029 50
0.000017 2
0.000016 61
0.000016 2
0.000016 46
0.000015 2
0.000016 47
0.000015 2
0.000016 49
0.000015 2
0.000016 128
0.000016 2
0.000016 51
0.000016 2
0.000015 56
0.000016 2
0.000015 46
0.000015 2
0.000016 49
0.000015 2
0.000024 56
0.000015 2
0.000016 47
0.000015 2
0.000015 57
0.000016 2
0.000015 50
0.000016 2
0.000016 44
0.000015 2
0.000015 139
0.000016 2
0.000018 42
0.000015 2
0.000015 46
0.000015 2
0.000015 40
0.000016 2
0.000015 47
0.000015 2
0.000017 45
0.000015 2
0.000016 47
0.000015 2
0.000016 52
0.000015 2
0.000016 51
0.000016 2
0.000016 40
0.000015 2
0.000015 49
0.000015 2
0.000016 47
0.000015 2
0.000018 45
0.000016 2
0.000015 50
0.000015 2
0.000016 47
0.000015 2
0.000016 46
0.000015 2
0.000015 45
0.000015 2
0.000015 53
0.000015 2
0.000016 61
0.000015 2
0.000016 76
0.000015 2
0.000015 55
0.000016 2
0.000015 60
0.000015 2
0.000016 52
0.000015 2
0.000016 128
0.000016 2
0.000017 42
0.000015 2
0.000016 62
0.000015 2
0.000016 59
0.000021 2
0.000017 47
0.000016 2
0.000015 44
0.000016 2
0.000015 56
0.000015 2
0.000015 46
0.000015 2
0.000016 45
0.000015 2
0.000015 36
0.000015 2
0.000015 55
0.000015 2
0.000015 39
0.000016 2
0.000016 39
0.000015 2
0.000015 38
0.000022 2
0.000015 43
0.000016 2
0.000015 45
0.000015 2
0.000015 50
0.000015 2
0.000016 38
0.000015 6
0.000017 2
0.000016 50
0.000016 2
0.000016 38
0.000015 2
0.000025 48
0.000037 2
0.000021 39
0.000015 2
0.000016 36
0.000015 2
0.000015 41
0.000015 2
0.000016 39
0.000015 2
0.000016 39
0.000015 2
0.000015 40
0.000016 2
0.000015 39
0.000016 2
0.000016 45
0.000016 2
0.000016 47
0.000015 2
0.000016 43
0.000016 2
0.000016 41
0.000016 2
0.000016 49
0.000016 2
0.000016 52
0.000016 2
0.000253 48
0.000018 2
0.000017 46
0.000016 2
0.000006 47
0.000007 2
0.000006 52
0.000018 2
0.000006 51
0.000007 2
0.000006 47
0.000006 2
0.000006 44
0.000007 2
0.000006 46
0.000006 2
0.000006 63
0.000007 2
0.000021 46
0.000006 2
0.000007 53
0.000006 2
0.000006 48
0.000007 2
0.000006 139
0.000008 2
0.000006 46
0.000006 2
0.000006 53
0.000007 2
0.000006 38
0.000022 2
0.000006 57
0.000007 2
0.000006 41
0.000007 2
0.000006 43
0.000007 2
0.000006 47
0.000007 2
0.000006 147
0.000007 2
0.000006 44
0.000006 2
0.000006 49
0.000007 2
0.000022 21
0.000007 30
0.000007 2
0.000007 55
0.000006 2
0.000006 45
0.000006 2
0.000006 53
0.000007 2
0.000006 49
0.000007 2
0.000006 65
0.000006 2
0.000006 51
0.000007 2
0.000023 53
0.000007 2
0.000006 44
0.000007 2
0.000006 59
0.000006 2
0.000006 40
0.000007 2
0.000006 47
0.000007 2
0.000006 53
0.000007 2
0.000006 49
0.000007 2
0.000006 55
0.000007 2
0.000006 53
0.000007 2
0.000022 50
0.000007 2
0.000006 67
0.000007 2
0.000006 50
0.000016 2
0.000006 59
0.000007 2
0.000006 51
0.000007 2
0.000006 60
0.000029 2
0.000007 50
0.000007 2
0.000014 61
0.000007 2
0.000006 46
0.000007 2
0.000034 47
0.000007 2
0.000006 49
0.000007 2
0.000006 128
0.000007 2
0.000007 51
0.000013 2
0.000006 57
0.000007 2
0.000006 46
0.000007 2
0.000006 49
0.000006 2
0.000006 56
0.000007 2
0.000006 47
0.000007 2
0.000006 57
0.000007 2
0.000006 50
0.000006 2
0.000007 44
0.000006 2
0.000006 35
0.000007 104
0.000016 2
0.000016 42
0.000007 2
0.000030 46
0.000007 2
0.000009 40
0.000006 2
0.000007 47
0.000006 2
0.000006 45
0.000007 2
0.000006 47
0.000007 2
0.000006 52
0.000007 2
0.000006 51
0.000006 2
0.000006 40
0.000007 2
0.000006 49
0.000007 2
0.000006 47
0.000006 2
0.000006 45
0.000007 2
0.000006 50
0.000007 2
0.000006 47
0.000007 2
0.000006 46
0.000006 2
0.000006 45
0.000027 2
0.000006 53
0.000007 2
0.000007 61
0.000006 2
0.000007 76
0.000007 2
0.000006 55
0.000006 2
0.000007 60
0.000006 2
0.000006 52
0.000007 2
0.000006 128
0.000007 2
0.000006 42
0.000007 2
0.000006 62
0.000007 2
0.000006 59
0.000007 2
0.000026 47
0.000007 2
0.000006 44
0.000007 2
0.000006 56
0.000007 2
0.000006 46
0.000006 2
0.000007 45
0.000006 2
0.000006 36
0.000007 2
0.000006 53
0.000007 2
0.000006 39
0.000006 2
0.000006 39
0.000007 2
0.000006 38
0.000006 2
0.000007 43
0.000006 2
0.000006 33
0.000025 12
0.000007 2
0.000006 51
0.000007 2
0.000006 44
0.000007 2
0.000006 50
0.000007 2
0.000006 38
0.000006 2
0.000006 48
0.000007 2
0.000006 39
0.000007 2
0.000006 36
0.000007 2
0.000006 41
0.000007 2
0.000006 39
0.000007 2
0.000022 39
0.000007 2
0.000006 40
0.000007 2
0.000012 39
0.000008 2
0.000006 45
0.000007 2
0.000006 47
0.000007 2
0.000006 43
0.000007 2
0.000006 41
0.000007 2
0.000006 49
0.000007 2
0.000006 52
0.000007 2
0.000023 48
0.000007 2
0.000006 46
0.000007 2
0.000006 47
0.000007 2
0.000006 52
0.000007 2
0.000007 51
0.000006 2
0.000007 47
0.000007 2
0.000006 44
0.000006 2
0.000007 46
0.000006 2
0.000006 63
0.000007 2
0.000007 46
0.000023 2
0.000006 53
0.000007 2
0.000006 48
0.000007 2
0.000006 139
0.000007 2
0.000006 46
0.000007 2
0.000006 53
0.000007 2
0.000006 38
0.000007 2
0.000006 59
0.000007 2
0.000006 41
0.000007 2
0.000023 43
0.000007 2
0.000006 47
0.000007 2
0.000006 147
0.000017 2
0.000009 11
0.000006 33
0.000008 2
0.000006 49
0.000007 2
0.000006 51
0.000007 2
0.000006 55
0.000006 2
0.000007 45
0.000006 2
0.000025 53
0.000007 2
0.000006 49
0.000007 2
0.000006 65
0.000007 2
0.000006 51
0.000006 2
0.000007 53
0.000006 2
0.000007 44
0.000006 2
0.000006 59
0.000007 2
0.000006 40
0.000007 2
0.000006 47
0.000007 2
0.000006 53
0.000006 2
0.000024 49
0.000007 2
0.000006 55
0.000007 2
0.000006 53
0.000006 2
0.000006 50
0.000007 2
0.000006 67
0.000007 2
0.000006 50
0.000007 2
0.000006 59
0.000007 2
0.000006 51
0.000007 2
0.000006 60
0.000007 2
0.000007 50
0.000032 2
0.000006 61
0.000007 2
0.000006 46
0.000006 2
0.000007 47
0.000006 2
0.000006 49
0.000007 2
0.000006 128
0.000007 2
0.000006 51
0.000007 2
0.000006 55
0.000007 2
0.000006 46
0.000007 2
0.000006 49
0.000006 2
0.000007 56
0.000006 2
0.000006 47
0.000007 2
0.000006 57
0.000007 2
0.000006 28
0.000006 22
0.000008 2
0.000011 44
0.000039 2
0.000006 139
0.000007 2
0.000007 42
0.000006 2
0.000006 46
0.000007 2
0.000007 40
0.000006 2
0.000007 47
0.000006 2
0.000006 45
0.000007 2
0.000006 47
0.000007 2
0.000006 52
0.000007 2
0.000006 51
0.000007 2
0.000009 40
0.000007 2
0.000006 49
0.000007 2
0.000006 47
0.000007 2
0.000006 45
0.000007 2
0.000013 50
0.000006 2
0.000006 47
0.000007 2
0.000006 46
0.000007 2
0.000006 45
0.000007 2
0.000006 53
0.000030 2
0.000006 61
0.000007 2
0.000006 76
0.000007 2
0.000006 55
0.000007 2
0.000006 60
0.000007 2
0.000006 52
0.000007 2
0.000006 128
0.000007 2
0.000007 42
0.000006 2
0.000006 62
0.000007 2
0.000006 59
0.000007 2
0.000006 47
0.000007 2
0.000006 44
0.000006 2
0.000006 56
0.000007 2
0.000027 46
0.000007 2
0.000006 45
0.000007 2
0.000006 36
0.000007 2
0.000006 55
0.000017 2
0.000008 39
0.000007 2
0.000006 39
0.000007 2
0.000006 11
0.000006 27
0.000008 2
0.000006 43
0.000006 2
0.000007 45
0.000006 2
0.000006 49
0.000007 2
0.000006 44
0.000007 2
0.000025 50
0.000007 2
0.000006 38
0.000007 2
0.000019 48
0.000008 2
0.000006 39
0.000006 2
0.000007 36
0.000006 2
0.000006 41
0.000007 2
0.000006 39
0.000007 2
0.000006 39
0.000007 2
0.000006 40
0.000006 2
0.000007 39
0.000006 2
0.000006 45
0.000007 2
0.000024 47
0.000007 2
0.000006 43
0.000007 2
0.000006 41
0.000007 2
0.000006 49
0.000006 2
0.000007 52
0.000006 2
0.000006 48
0.000007 2
0.000006 46
0.000007 2
0.000006 47
0.000006 2
0.000006 52
0.000007 2
0.000006 51
0.000007 2
0.000023 47
0.000007 2
0.000013 44
0.000007 2
0.000032 46
0.000022 2
0.000019 63
0.000013 2
0.000006 46
0.000007 2
0.000006 53
0.000007 2
0.000006 48
0.000007 2
0.000006 139
0.000007 2
0.000022 46
0.000007 2
0.000006 53
0.000007 2
0.000006 38
0.000008 2
0.000006 58
0.000007 2
0.000006 41
0.000007 2
0.000006 43
0.000007 2
0.000006 47
0.000006 2
0.000008 57
0.000006 90
0.000008 2
0.000023 44
0.000007 2
0.000006 49
0.000007 2
0.000006 51
0.000007 2
0.000006 55
0.000006 2
0.000007 45
0.000006 2
0.000006 53
0.000007 2
0.000006 49
0.000007 2
0.000006 65
0.000008 2
0.000025 108
0.000014 196
0.000012 163
0.000011 109
0.000026 121
0.000014 228
0.000010 113
0.000012 228
0.000028 113
0.000023 157
0.000051 680
0.000017 240
0.000013 151
0.000032 100
0.000014 200
0.000011 244
0.000010 110
0.000011 154
0.000011 153
0.000011 94
0.000032 82
0.000015 184
0.000011 140
0.000010 93
0.000011 117
0.000011 122
0.000011 120
0.000032 104
0.000014 215
0.000011 160
0.000011 143
0.000011 130
0.000011 138
0.000029 89
0.000027 142
0.000060 762
0.000016 205
0.000012 128
0.000034 54
0.000015 15
0.000004 2
0.000010 37
0.000011 58
0.000011 56
0.000022 29
0.000015 31
0.000005 2
0.022517 1
3.024260 1
0.133777 1
0.195124 1
0.064166 1
0.096337 1
0.053146 1
0.116441 1
0.095621 3
0.568756 3
0.148114 3
0.154724 3
0.135702 3
0.137470 3
0.132817 3
0.156156 3
0.157425 1
0.454794 1
0.101891 1
0.205502 1
0.158817 1
0.102577 1
0.060108 1
0.106392 1
0.074904 1
0.629555 1
0.085167 1
0.206860 1
0.125296 1
0.066584 1
0.151869 1
0.108296 1
0.108895 1
0.096845 1
0.060544 1
0.055914 1
0.110485 1
0.078764 1
0.065657 1
0.097624 1
0.088400 1
0.078496 1
0.073467 1
0.212443 1
0.099601 1
0.047685 1
0.217805 1
0.038820 3
0.821763 3
0.146509 1
0.226562 1
0.191763 1
0.076377 1
0.099209 1
0.131159 1
0.051553 1
0.088222 1
0.870700 1
0.145409 1
0.039124 1
0.173717 1
0.131375 1
0.100623 1
0.073186 1
0.139599 1
0.103409 1
0.270120 1
0.009285 1
0.191622 1
0.138264 1
0.022635 1
0.121826 2
0.191948 1
0.147850 1
0.189525 1
0.037067 1
0.054170 1
3.314497 3
1.899264 3
0.167528 3
0.151200 3
0.146665 3
0.166233 1
0.454950 1
0.070152 1
0.138586 1
0.084969 1
0.440390 1
0.103281 1
0.155950 1
0.034661 1
0.234899 1
0.281143 1
0.078329 1
0.190571 1
0.067850 1
0.097037 1
0.190957 1
0.100543 1
0.111748 1
0.146470 1
0.179935 1
0.068099 4
1.100356 4
5.075775 1
0.723051 1
0.152963 1
0.206333 1
0.098280 1
0.113913 1
0.196660 1
0.146007 1
0.090134 1
0.088926 1
0.252795 3
0.648774 1
0.178921 1
0.046302 1
0.133927 1
0.050289 1
0.173137 1
0.103111 1
0.088339 1
0.119360 1
0.065679 1
0.371046 1
0.237684 1
0.224206 1
0.154188 1
0.078043 1
0.091543 1
0.040322 1
0.164038 1
0.151580 1
0.062665 1
0.149147 1
0.025204 1
0.114855 1
0.068340 1
0.118842 1
0.061883 1
0.114811 1
0.245417 1
0.082761 1
0.092852 1
0.107329 1
0.087691 1
0.132548 1
0.168788 1
0.104619 1
0.107489 1
0.590733 1
0.112418 1
0.174528 1
0.070809 1
0.144903 1
0.079125 1
0.189141 1
0.093082 1
0.122015 1
0.154684 1
0.154603 1
0.095723 1
0.172134 4
0.360353 1
0.628814 1
0.109928 1
0.105556 1
0.121516 1
0.079599 1
0.195280 1
0.073800 1
0.167420 1
0.090730 1
0.094943 1
0.115724 1
0.335644 1
0.854078 1
0.439691 1
1.623665 1
0.261159 1
0.099024 1
0.122037 1
0.096697 1
0.057312 1
0.294708 1
0.466932 1
0.198020 1
0.234526 1
0.104555 1
0.098568 1
0.092961 1
0.174347 1
0.144380 1
0.207687 1
0.224230 1
0.511014 1
0.347357 1
0.078809 1
0.124838 1
0.091186 1
0.121076 1
0.171277 1
0.124448 1
0.105475 1
0.136981 1
0.159841 1
0.137033 1
0.125137 1
0.151860 1
0.396076 1
0.148326 1
0.138294 1
0.161759 1
0.113507 1
0.134327 1
0.078922 1
0.617896 1
0.304027 4
0.969242 1
0.290359 1
0.090866 1
0.056241 1
0.163123 1
0.106125 1
0.109890 1
0.105004 1
0.220631 1
0.097743 1
0.184902 1
0.197703 1
0.075628 1
0.117518 1
0.071841 1
0.120828 1
0.586585 1
0.314512 1
0.143276 1
0.153174 1
0.165244 1
0.111229 1
0.186198 1
0.160097 1
0.202396 1
0.094746 1
0.269550 1
0.256226 1
0.092489 2
0.420541 30
0.164165 2
0.000118 22
11.223378 2
0.000105 25
0.000026 2
0.000021 19
0.000021 2
0.000020 29
0.000019 2
0.000020 25
0.000019 2
0.000019 27
0.000020 2
0.000016 27
0.000016 2
0.000015 33
0.000015 2
0.000016 36
0.000016 2
0.000015 30
0.000015 2
0.000015 31
0.000016 2
0.000015 31
0.000015 2
0.000016 26
0.000015 2
0.000015 25
0.000015 2
0.000015 33
0.000015 2
0.000015 41
0.000015 2
0.000016 56
0.000015 2
0.000016 35
0.000015 2
0.000015 31
0.000016 2
0.000015 36
0.000017 2
0.000030 34
0.000019 2
0.000016 32
0.000015 2
0.000016 121
0.000015 2
0.000017 22
0.000016 2
0.000015 42
0.000015 2
0.000015 24
0.000023 2
0.000017 38
0.000016 2
0.000016 27
0.000015 2
0.000015 33
0.000015 2
0.000018 4
0.000016 30
0.000024 2
0.000016 31
0.000017 2
0.000016 27
0.000016 2
0.000015 2
0.000019 2
0.025247 4
1.537400 1
1.265439 1
0.194119 1
0.193798 1
0.091392 1
0.163044 1
0.109318 1
0.077682 1
0.098099 1
0.097523 1
0.048794 1
0.808318 1
0.078968 1
0.103894 1
0.101282 1
0.135606 1
0.080051 1
0.106699 1
0.092666 1
0.088077 1
0.058188 1
0.083644 1
0.139181 1
0.768030 1
0.094732 1
0.087967 1
0.269996 1
0.127538 1
0.127726 1
0.140035 1
0.096311 1
0.044985 1
0.098913 1
0.094572 1
0.111521 1
0.094281 1
0.016347 1
0.062986 1
0.075107 1
0.222963 1
0.086795 1
0.180160 1
0.043954 1
0.087796 1
0.141385 1
0.029848 1
0.127569 1
0.115605 1
0.025963 1
0.150906 1
0.091907 1
0.096686 1
0.093636 1
0.106267 1
0.047640 1
0.092350 1
0.256741 1
0.109802 1
0.083869 1
0.107061 1
0.282401 1
0.648569 1
0.185029 1
0.403842 1
0.095947 4
0.745710 4
5.192624 1
1.635353 2
0.165753 29
0.000219 2
0.000030 2
0.000250 4
2.117219 1
0.717688 1
0.084499 1
0.785528 1
0.095366 1
0.063185 1
0.152697 1
0.300914 1
0.264755 1
0.245406 1
0.412935 1
0.243947 1
0.272929 1
0.257393 1
0.957127 1
0.077540 1
0.130371 1
0.086865 1
0.073662 1
0.122776 1
0.083471 1
0.121254 1
0.231974 1
0.441293 1
0.381264 1
0.574021 1
0.163579 1
0.087078 1
0.195854 1
0.045484 1
0.289524 1
0.267451 1
0.147046 14
1.087351 1
1.903644 1
0.268190 1
0.319637 1
0.142936 1
0.105147 1
0.180251 1
0.062087 1
0.062913 1
0.084745 1
0.673469 1
0.382469 1
0.861838 1
0.099288 1
0.073707 1
0.125449 1
0.074856 1
0.894430 1
0.245882 1
0.178999 1
0.080153 1
0.107767 1
0.155802 1
0.064068 1
0.439624 1
0.168955 1
0.142085 1
0.618264 1
0.135257 1
0.080243 1
0.116446 1
0.023442 3
0.074325 88
1.181813 27
0.008164 27
0.509700 27
0.511545 2
8.940410 4
0.000454 83
0.905548 5
0.891404 27
15.039575 27
0.509609 27
0.509722 27
0.509895 27
0.509288 27
0.509586 27
0.509350 27
0.509171 27
0.510010 27
0.509824 27
0.509610 27
0.509412 27
0.510321 27
0.509050 27
0.509618 2
0.386308 4
0.000280 1
1.542491 1
0.178009 1
0.248889 1
0.210224 1
0.102820 1
0.112477 1
0.114587 1
0.674463 1
0.077612 1
0.574443 1
0.088298 1
0.061503 1
0.070417 1
0.065796 1
0.102669 1
0.065572 1
0.149067 1
0.065983 1
0.123914 1
0.209512 1
0.324871 3
0.504739 3
1.517551 3
0.190306 3
0.197332 3
0.170885 3
0.205475 3
0.229798 3
0.289215 3
0.183835 3
0.331983 3
0.272413 3
0.471859 1
0.673795 1
0.097255 1
0.105464 1
0.069526 1
0.141097 1
0.038780 1
0.065987 1
0.085274 1
0.088555 1
0.102548 1
0.146242 1
0.095152 1
0.149040 3
0.753547 1
0.069790 1
0.113964 1
0.053366 1
0.065977 1
0.026749 1
0.294859 1
0.098061 1
0.092791 1
0.065020 1
0.200519 1
0.168233 1
0.075619 1
0.095136 1
0.078258 1
0.059036 1
0.124678 1
0.062125 1
0.104920 1
0.082308 1
0.194720 1
0.512125 1
0.137390 1
0.173161 1
0.047378 3
0.451282 3
0.158907 3
0.176238 1
0.416891 1
0.165093 3
0.361418 3
0.181702 3
0.189600 1
0.876530 1
1.495581 1
0.140712 1
0.203998 1
0.099732 1
0.087780 1
0.071869 1
0.121596 1
0.035804 1
0.093736 1
0.097881 1
0.078120 1
0.078725 1
0.077474 1
0.079063 1
0.155652 1
0.119117 1
0.169046 1
0.092676 1
0.112865 1
0.101138 1
0.034480 1
0.242360 4
0.660601 1
2.511829 1
0.215984 1
0.189871 1
0.153032 12
0.742188 1
0.724792 1
0.181531 1
0.136976 1
0.114855 8
